	Sample_1	Sample_2	Sample_3	Sample_4	Sample_5	Sample_6	Sample_7	Sample_8	Sample_9	Sample_10	Sample_11	Sample_12	Sample_13	Sample_14	Sample_15	Sample_16	Sample_17	Sample_18	Sample_19	Sample_20	Sample_21	Sample_22	Sample_23	Sample_24	Sample_25	Sample_26	Sample_27	Sample_28	Sample_29	Sample_30	Sample_31	Sample_32	Sample_33	Sample_34	Sample_35	Sample_36	Sample_37	Sample_38	Sample_39	Sample_40	Sample_41	Sample_42	Sample_43	Sample_44	Sample_45	Sample_46	Sample_47	Sample_48	Sample_49	Sample_50
Gene_1	113	98	112	100	112	118	86	109	112	107	93	101	116	91	106	104	107	90	98	94	105	107	76	91	120	90	99	109	85	99	107	108	93	106	107	106	96	100	93	110	93	107	90	107	100	107	89	98	95	95
Gene_2	96	112	112	99	105	94	82	91	110	116	92	103	91	104	90	110	131	84	97	93	110	99	94	90	96	102	84	88	91	106	93	105	102	111	120	104	102	84	118	110	85	87	98	113	100	100	101	95	94	81
Gene_3	92	78	92	109	117	83	108	97	101	103	96	93	96	104	111	76	110	103	121	98	103	94	118	100	98	116	97	106	91	87	105	87	94	86	108	119	115	102	100	111	103	103	112	104	90	113	103	95	116	108
Gene_4	102	95	101	101	96	92	110	105	77	95	101	107	100	102	112	79	102	80	123	110	109	98	112	96	122	86	108	92	87	81	86	102	115	92	100	117	116	98	103	93	87	108	110	121	84	119	98	125	99	84
Gene_5	95	108	111	91	96	83	93	98	100	87	89	85	91	72	95	100	79	126	100	101	89	99	112	112	104	81	110	114	96	111	128	93	108	95	95	84	91	112	103	95	110	84	98	104	100	111	99	95	74	99
Gene_6	101	111	103	103	108	94	88	96	115	103	100	95	99	100	85	94	111	101	95	92	91	99	115	111	103	98	95	94	96	100	107	97	107	105	108	113	87	113	98	109	85	97	92	101	106	92	114	79	96	104
Gene_7	78	108	90	87	91	102	107	89	104	102	113	102	87	122	95	102	90	92	111	102	92	110	87	91	96	121	90	110	84	109	95	92	110	116	110	104	85	110	89	96	114	103	92	126	99	92	113	97	88	79
Gene_8	93	87	100	100	71	89	112	113	119	108	98	95	87	100	100	97	105	99	109	114	87	88	97	88	95	86	112	86	94	114	73	95	89	89	122	106	91	113	104	94	111	89	123	97	91	90	103	112	97	90
Gene_9	107	106	107	124	100	88	88	103	107	89	105	120	94	99	96	101	119	97	112	74	116	87	97	95	107	99	90	101	84	103	107	74	93	102	115	91	85	107	98	95	117	112	81	102	120	93	106	104	115	112
Gene_10	103	108	105	96	116	98	104	100	102	94	84	102	114	108	102	101	107	85	96	89	101	115	100	94	112	102	85	97	103	93	85	90	102	90	99	87	79	103	94	85	105	92	103	88	102	88	121	111	81	92
Gene_11	116	101	104	106	103	115	87	113	95	108	87	103	115	106	90	98	92	104	95	99	76	102	90	102	126	101	101	117	104	88	95	96	92	99	90	70	106	104	97	105	118	89	96	104	93	87	111	99	107	97
Gene_12	98	106	80	103	98	100	110	91	103	120	114	113	109	93	89	92	86	91	89	89	96	95	104	100	89	95	87	102	116	99	111	72	107	84	96	105	96	104	81	95	100	108	89	87	103	105	97	96	105	98
Gene_13	97	105	103	113	94	100	95	103	85	99	102	109	101	93	112	94	93	98	101	89	88	105	86	113	98	96	91	101	84	103	112	107	105	101	114	90	109	100	82	111	107	83	114	103	115	105	113	106	92	107
Gene_14	92	94	116	100	111	111	103	111	100	90	112	88	105	89	103	102	98	88	83	105	104	109	104	71	111	110	92	91	106	101	87	95	106	84	91	111	112	101	94	91	107	94	107	101	97	111	96	91	109	88
Gene_15	104	100	107	96	70	94	98	105	96	109	100	102	106	96	77	107	95	106	104	90	94	101	96	103	89	114	105	95	85	84	103	90	84	107	90	92	109	96	98	110	100	101	111	105	83	90	97	112	102	89
Gene_16	101	94	79	88	97	83	110	77	123	96	85	107	102	104	93	107	107	85	91	97	86	113	92	112	82	86	105	101	117	86	102	90	103	98	99	117	74	106	80	98	103	95	98	95	99	96	106	100	121	101
Gene_17	90	117	100	100	101	98	95	104	91	81	94	79	105	102	105	106	100	98	99	99	98	84	111	97	100	109	107	93	117	95	108	102	108	87	98	86	104	121	98	109	101	102	89	107	99	88	103	110	112	122
Gene_18	103	104	90	107	104	95	102	108	106	108	91	112	96	101	107	97	118	96	98	99	104	94	105	96	105	88	105	100	104	88	97	101	90	94	98	92	93	99	91	89	105	95	105	106	94	77	79	99	105	102
Gene_19	121	103	116	105	98	110	97	99	101	97	98	93	114	97	124	110	105	111	107	95	84	91	82	112	106	96	100	73	94	105	117	98	96	111	99	83	96	98	95	104	98	108	96	100	106	90	88	88	113	93
Gene_20	102	106	82	117	105	118	114	95	122	74	110	108	99	91	114	98	99	103	100	88	100	97	107	90	90	81	106	105	100	121	109	116	105	102	98	86	107	92	102	116	102	99	89	115	96	119	97	101	92	100
Gene_21	80	124	95	116	99	101	117	106	92	104	113	105	91	85	102	108	104	93	115	96	112	90	113	114	106	105	90	93	116	93	99	105	95	97	103	97	116	90	100	89	94	95	86	98	88	94	100	93	95	87
Gene_22	100	96	101	92	98	84	89	122	98	110	84	83	88	87	104	106	116	95	106	111	112	94	121	110	113	100	104	84	95	87	93	109	95	111	97	99	86	87	80	109	102	93	98	97	95	99	75	92	130	98
Gene_23	85	88	128	96	107	106	96	98	102	90	97	96	110	85	112	111	107	91	109	94	99	110	109	104	106	95	92	91	95	99	104	88	99	120	103	104	127	98	90	106	105	111	91	84	86	109	99	107	109	112
Gene_24	89	108	100	119	98	103	93	91	111	113	123	114	111	83	105	113	97	108	106	98	106	102	105	111	106	95	84	104	107	106	100	88	104	92	102	101	99	99	105	95	97	107	99	124	94	111	114	102	110	107
Gene_25	82	104	109	97	129	85	131	105	91	99	94	92	92	101	93	110	98	88	103	95	102	86	99	103	109	97	76	106	118	98	115	92	95	98	90	96	88	112	93	103	93	99	105	80	91	115	88	107	102	92
Gene_26	86	87	95	116	92	119	110	108	87	94	88	74	87	97	99	110	95	98	95	97	103	99	104	95	90	116	73	113	100	116	100	111	92	87	97	111	97	96	111	94	106	114	97	102	87	82	86	110	112	93
Gene_27	113	99	101	104	111	100	106	106	95	118	100	102	112	89	106	104	95	95	81	112	105	100	99	97	112	107	105	96	94	107	124	99	96	87	108	91	95	91	99	107	102	111	106	105	108	95	113	84	102	66
Gene_28	108	116	111	98	101	116	103	103	98	116	96	117	97	93	115	93	94	98	111	100	102	95	111	87	112	112	100	109	102	106	120	89	90	106	107	92	99	108	94	103	107	99	96	104	102	112	85	89	85	86
Gene_29	94	97	87	87	100	83	105	105	110	89	92	102	99	106	103	99	85	97	107	77	105	91	87	95	113	106	111	85	83	102	101	111	82	88	111	105	99	98	126	105	95	104	95	110	103	98	96	94	115	82
Gene_30	92	85	118	101	101	106	106	103	92	84	98	100	106	99	113	116	104	86	87	111	118	94	91	101	98	98	115	90	117	106	102	99	83	107	118	113	95	108	80	102	116	86	94	93	93	89	108	88	102	100
Gene_31	98	88	90	92	117	86	92	112	107	92	117	84	91	96	84	87	108	92	121	90	95	87	96	103	89	112	95	99	99	113	98	100	100	93	107	114	90	96	113	89	90	108	89	108	103	91	97	101	100	115
Gene_32	115	114	103	103	105	92	94	104	99	92	87	110	92	100	117	82	111	112	91	107	88	99	124	106	105	95	101	87	107	97	100	106	108	126	100	111	107	93	76	100	95	104	86	103	107	134	105	96	104	100
Gene_33	97	78	103	110	97	116	105	111	112	107	93	88	95	102	87	115	92	109	90	106	100	87	91	87	102	95	98	94	85	101	97	93	107	94	111	109	116	97	111	88	109	116	101	81	93	96	91	108	89	108
Gene_34	108	115	107	115	97	94	97	110	108	79	114	84	112	114	76	96	102	107	91	107	110	75	101	122	105	101	102	99	96	93	89	103	87	98	106	86	83	90	97	88	121	105	112	92	106	98	93	88	110	95
Gene_35	83	116	100	104	103	104	101	103	105	100	100	114	106	103	116	94	84	94	95	104	105	125	102	101	108	96	108	110	100	113	104	99	91	109	93	119	75	88	105	85	100	83	114	108	97	101	100	103	72	97
Gene_36	110	96	93	99	112	117	104	111	98	113	110	91	90	89	96	93	106	118	113	81	99	99	110	89	91	86	97	93	110	104	87	106	97	96	111	100	104	95	88	95	109	100	100	100	92	102	103	108	87	105
Gene_37	90	91	80	101	97	107	81	85	100	116	88	86	92	90	96	92	93	111	104	108	95	110	111	100	105	96	107	99	87	107	110	90	111	103	97	82	99	120	87	108	109	102	99	94	103	79	90	100	97	94
Gene_38	108	109	110	99	84	90	100	111	94	99	86	88	88	108	91	100	98	95	90	96	92	99	103	81	96	104	109	94	123	95	93	89	101	117	112	105	109	98	98	105	87	101	83	107	104	84	79	90	95	110
Gene_39	93	100	90	100	96	95	97	107	108	99	104	105	92	90	113	119	90	100	91	100	108	104	97	87	100	99	104	91	101	94	107	90	100	110	101	90	97	96	91	70	118	110	108	96	111	115	106	97	104	86
Gene_40	117	108	91	86	88	88	103	102	92	99	106	87	109	101	72	104	92	97	115	94	95	93	126	104	98	118	101	109	93	101	86	110	108	95	119	97	97	108	98	85	104	92	92	112	87	99	113	97	110	97
Gene_41	102	88	118	103	101	92	99	100	116	87	97	85	102	82	87	96	120	109	106	98	105	104	132	109	107	108	94	97	90	106	100	95	105	114	91	84	97	95	104	117	103	91	106	101	84	100	118	100	121	113
Gene_42	105	96	103	87	107	109	94	107	98	88	102	114	96	115	103	69	112	96	118	106	101	106	115	102	106	80	91	104	115	96	104	103	105	99	98	104	97	90	79	108	88	89	100	114	96	106	90	85	83	82
Gene_43	110	114	95	102	101	91	110	106	93	112	101	95	117	106	114	117	102	107	105	97	110	77	93	104	103	103	111	99	101	116	91	105	88	90	82	108	109	95	95	106	105	96	98	105	105	116	110	104	116	100
Gene_44	94	107	96	84	90	119	105	94	91	105	100	100	120	96	104	101	101	120	91	92	81	92	106	98	93	94	102	103	96	103	123	97	100	94	99	79	100	94	109	109	103	92	106	106	100	125	113	106	84	98
Gene_45	102	89	94	106	93	86	129	99	101	81	100	113	90	91	114	93	101	115	96	122	108	99	115	92	97	102	106	113	109	94	98	99	112	114	100	109	112	106	108	92	107	87	122	99	104	92	95	106	104	98
Gene_46	103	94	111	93	106	105	108	94	110	103	110	101	106	83	98	98	108	105	88	127	111	96	120	98	93	100	99	113	110	107	87	103	102	105	96	87	93	110	91	124	87	118	84	105	111	109	102	111	99	89
Gene_47	82	92	106	86	87	79	111	98	89	110	79	84	98	117	113	105	102	97	117	107	102	106	105	104	108	89	123	97	102	89	104	86	99	107	92	102	105	108	104	95	99	104	118	94	98	96	105	107	79	89
Gene_48	101	96	120	101	72	102	92	108	87	94	87	114	94	98	102	85	95	92	116	104	100	94	100	112	82	90	125	109	86	101	82	104	96	112	80	92	105	91	67	109	87	107	83	106	106	104	125	98	105	112
Gene_49	102	98	84	101	85	100	97	104	107	90	102	88	109	101	109	108	90	104	107	118	99	87	115	113	110	113	101	102	96	116	102	97	89	101	90	93	98	101	104	114	95	74	99	89	103	105	98	91	92	92
Gene_50	102	112	91	84	87	114	77	107	99	103	102	96	98	94	95	69	95	101	100	89	102	106	86	103	119	104	97	88	96	97	81	95	110	104	86	98	106	107	94	97	119	101	99	99	91	105	99	98	103	92
Gene_51	100	116	103	85	105	114	113	91	115	92	91	97	95	89	93	106	94	86	79	106	96	116	106	81	108	86	101	96	97	105	115	104	88	117	92	111	96	108	91	95	95	91	95	108	100	97	116	101	105	108
Gene_52	93	101	112	88	103	98	100	108	111	88	105	94	111	105	93	101	99	99	116	94	112	97	97	95	98	77	100	109	82	84	89	108	94	117	88	106	113	105	97	100	109	99	99	85	91	109	107	107	108	101
Gene_53	120	98	83	130	89	92	102	107	99	108	116	87	93	109	90	103	88	92	92	89	115	122	87	118	98	101	135	96	97	96	102	102	101	96	108	91	101	93	94	97	89	105	111	98	101	97	96	112	91	96
Gene_54	100	78	107	95	92	103	106	95	97	111	106	100	105	104	91	90	101	106	93	95	89	116	106	107	79	114	96	108	93	89	101	95	106	108	111	107	104	98	95	113	101	97	105	111	96	86	90	104	80	102
Gene_55	76	93	104	104	98	97	96	86	94	106	113	111	107	109	95	98	83	108	101	108	95	88	105	98	116	117	103	111	107	93	97	95	103	116	107	96	78	103	105	92	93	97	107	88	92	106	103	88	96	105
Gene_56	109	84	100	95	112	88	96	105	92	93	101	95	81	109	98	92	106	92	100	93	84	97	123	107	102	96	122	104	98	136	79	85	105	109	100	101	103	97	95	89	90	113	110	101	91	119	98	97	98	92
Gene_57	102	106	105	94	89	96	84	74	118	93	83	106	94	75	99	109	102	116	119	100	98	104	103	108	114	109	100	100	91	88	122	105	99	107	117	91	102	100	106	75	108	95	102	116	96	100	82	103	83	98
Gene_58	101	100	99	97	102	107	102	109	97	77	100	94	105	109	107	97	111	94	81	104	115	105	93	92	100	101	100	104	111	100	106	101	110	102	104	97	99	83	83	83	92	110	96	118	96	89	81	94	106	97
Gene_59	94	102	98	95	89	88	109	95	87	122	87	90	93	99	100	79	89	108	97	111	101	94	99	111	85	100	97	103	99	80	91	90	84	118	104	86	109	98	85	106	94	94	107	104	110	85	106	100	94	93
Gene_60	97	97	101	108	96	109	110	98	120	110	98	101	93	100	117	96	97	89	91	111	97	119	112	97	99	107	105	80	100	111	90	107	100	101	105	94	101	111	102	93	105	98	102	101	94	105	106	115	108	94
Gene_61	109	109	103	102	82	96	100	96	80	92	92	95	96	78	94	103	94	111	102	91	104	112	114	93	114	99	86	84	101	87	107	104	102	89	112	111	82	105	85	103	105	98	98	108	91	103	91	91	105	103
Gene_62	93	102	112	105	85	100	82	99	96	104	101	92	108	98	99	109	114	98	84	103	101	103	106	82	99	127	83	89	102	105	88	106	89	117	98	77	87	96	100	93	109	91	92	96	96	102	108	94	109	96
Gene_63	83	107	96	98	92	98	101	99	105	97	88	73	111	80	98	80	97	98	90	107	97	95	117	100	109	110	89	80	99	93	103	97	99	106	115	95	101	110	79	99	96	87	103	92	94	105	114	110	109	102
Gene_64	97	94	100	101	92	102	99	102	104	94	103	92	86	92	91	110	99	107	103	102	87	101	108	101	106	94	103	102	104	118	104	109	94	105	97	97	92	107	102	106	92	96	98	101	100	95	107	108	102	83
Gene_65	86	110	97	99	99	99	105	102	78	104	121	116	111	116	81	93	100	83	120	105	92	105	111	100	90	109	103	99	124	93	107	106	107	93	112	87	102	105	100	120	102	106	99	98	108	106	103	86	105	96
Gene_66	104	96	106	81	93	99	92	107	98	80	100	113	103	103	100	82	96	101	86	99	100	105	104	85	117	110	99	105	91	86	102	114	93	93	95	83	98	111	88	82	103	94	104	97	112	78	99	99	94	115
Gene_67	104	92	95	84	96	94	102	96	98	95	110	91	98	88	101	112	92	94	94	94	115	120	88	96	88	101	107	95	89	100	98	81	110	121	100	84	102	103	110	122	99	94	101	92	85	101	102	82	101	104
Gene_68	94	99	118	107	85	94	88	108	89	84	107	96	98	117	93	89	91	93	102	91	96	93	98	102	101	89	97	112	92	89	86	107	99	87	109	102	91	100	110	91	101	99	86	115	84	90	91	114	102	97
Gene_69	96	89	102	102	105	92	92	85	98	96	100	96	86	92	103	112	106	95	87	107	94	118	87	76	103	95	106	97	95	98	102	102	110	107	115	81	79	94	95	98	94	98	84	106	86	109	108	99	99	93
Gene_70	95	101	131	102	99	100	91	100	92	91	93	101	88	106	100	121	108	96	119	100	109	96	92	116	103	81	88	84	95	95	107	89	113	99	99	115	108	105	90	101	88	107	112	112	103	89	101	89	98	112
Gene_71	119	101	89	99	118	106	109	111	100	95	95	95	86	95	95	100	92	109	104	91	94	102	115	111	110	88	95	75	99	110	81	106	96	107	97	93	100	111	101	108	111	88	106	133	91	91	96	101	87	93
Gene_72	84	103	85	98	85	83	89	125	97	91	96	105	117	79	93	107	107	101	97	103	98	90	97	96	80	90	94	88	95	97	95	86	111	98	103	96	86	105	91	92	113	95	103	99	110	122	85	101	98	88
Gene_73	101	93	117	107	90	103	94	101	95	99	80	101	92	105	110	98	105	95	100	95	104	77	103	94	98	97	92	101	88	114	101	119	91	113	111	85	92	101	87	120	124	81	90	91	89	112	94	105	101	100
Gene_74	101	88	114	94	91	114	101	87	103	116	74	109	106	96	104	102	103	87	84	90	105	107	96	105	111	92	96	103	103	89	98	116	117	87	105	89	110	107	105	104	110	91	83	99	98	90	109	94	125	84
Gene_75	97	100	98	115	113	96	102	89	96	102	84	97	99	91	98	107	115	93	79	111	84	84	114	118	100	99	79	91	103	85	86	91	87	77	105	91	103	98	95	99	101	95	112	87	103	96	101	104	89	91
Gene_76	93	103	92	95	89	91	99	95	96	121	89	90	91	93	111	101	108	87	99	104	107	85	112	91	83	120	73	101	114	100	79	105	99	115	103	105	101	105	97	80	91	101	98	114	103	89	104	106	96	106
Gene_77	90	89	104	115	109	93	94	78	97	98	96	102	114	115	107	106	94	84	106	106	97	101	113	112	102	114	103	90	105	122	100	97	91	105	86	110	89	95	91	104	85	110	90	104	99	101	100	102	98	107
Gene_78	92	92	101	91	93	93	100	94	101	90	108	110	105	104	128	96	94	99	86	98	105	83	116	93	97	86	109	96	99	85	103	104	99	104	101	88	104	85	94	108	93	109	95	108	106	77	97	90	97	107
Gene_79	113	97	97	89	104	95	116	94	97	121	115	77	97	101	99	113	103	97	113	98	111	114	108	115	85	90	87	109	108	107	108	99	84	99	99	103	96	129	98	79	95	102	116	107	103	96	106	97	103	115
Gene_80	91	99	100	97	98	111	101	100	93	107	77	95	92	100	111	83	104	99	96	109	108	91	113	103	103	117	105	89	109	96	101	78	98	100	102	106	114	85	115	113	112	114	105	108	98	121	94	77	94	80
Gene_81	87	105	94	105	85	111	95	91	93	90	111	97	103	92	93	108	94	98	105	114	101	114	96	108	104	114	89	93	96	101	101	93	106	99	96	99	113	88	97	106	91	86	91	92	106	93	88	105	119	91
Gene_82	96	90	90	96	106	127	114	106	87	103	108	115	102	95	107	98	119	101	97	100	105	98	100	100	91	87	96	85	101	113	94	103	79	97	102	102	98	112	82	75	98	106	107	92	105	92	95	87	94	94
Gene_83	88	103	83	108	97	93	119	94	92	112	100	96	86	104	109	110	97	105	105	105	88	97	104	99	102	92	100	79	99	97	78	116	90	92	80	110	108	99	101	107	83	86	105	97	100	102	121	88	101	91
Gene_84	90	100	104	117	105	92	121	106	101	80	94	107	107	98	89	95	109	101	94	120	111	115	110	104	101	98	109	102	100	81	99	123	112	118	111	104	100	110	101	113	109	92	105	110	107	93	97	109	83	112
Gene_85	96	108	98	102	97	94	100	104	91	115	97	113	94	116	120	83	95	111	97	96	103	104	96	82	106	86	89	85	101	93	110	112	93	108	109	113	103	91	87	118	106	104	93	109	92	87	80	107	104	92
Gene_86	110	92	91	115	106	114	111	112	99	114	106	83	114	95	116	99	104	93	93	94	101	105	104	112	102	93	84	94	89	80	83	95	116	98	94	95	114	96	90	93	97	104	103	109	93	101	104	98	103	111
Gene_87	101	116	93	107	101	111	93	102	94	116	95	117	97	99	100	105	97	97	116	91	99	100	106	111	104	94	93	109	82	90	119	97	90	92	93	93	89	99	104	93	99	112	108	106	95	94	112	88	89	95
Gene_88	101	123	99	121	97	85	98	95	97	89	108	89	90	102	93	119	80	90	93	95	98	92	122	99	114	99	101	103	102	104	97	98	95	96	72	106	90	104	96	114	104	88	102	102	99	82	96	95	97	90
Gene_89	105	88	101	96	85	84	92	100	86	92	93	104	101	107	127	92	91	83	75	105	92	83	107	92	105	100	100	90	101	118	99	89	92	100	100	91	83	91	92	84	125	113	98	99	98	102	106	112	89	113
Gene_90	107	111	97	95	97	104	108	97	99	111	99	117	104	106	106	101	114	111	95	91	101	110	110	105	84	96	102	113	96	86	117	119	105	106	98	99	92	92	102	94	97	111	106	108	105	105	112	97	94	100
Gene_91	100	103	96	93	99	105	97	124	92	119	109	109	98	83	85	103	97	109	91	80	102	80	132	103	99	83	92	100	98	103	101	95	96	90	123	96	99	109	67	81	109	85	89	95	99	117	107	118	86	85
Gene_92	103	96	101	108	91	102	103	97	102	102	90	94	105	92	85	99	100	103	87	93	88	90	117	107	91	102	100	97	95	107	98	97	99	106	82	119	102	107	111	107	91	96	93	104	115	105	100	98	101	107
Gene_93	91	96	98	111	99	97	104	105	99	88	88	79	95	88	104	100	84	113	108	106	94	108	105	90	105	88	99	117	128	95	111	110	91	100	78	102	89	88	96	106	103	85	112	105	93	86	88	108	83	107
Gene_94	106	119	111	95	102	105	88	99	93	106	97	93	88	98	99	91	85	108	109	98	113	112	97	104	86	99	106	100	69	88	93	109	112	106	118	100	111	97	111	120	105	93	97	94	104	117	98	104	98	87
Gene_95	80	94	107	88	101	106	121	108	105	104	113	82	112	93	90	99	106	118	94	98	98	125	104	110	104	90	95	111	95	104	98	82	90	109	96	106	102	81	100	92	101	93	94	113	86	112	92	95	99	101
Gene_96	96	91	112	108	93	100	92	135	93	96	92	94	94	96	97	88	100	79	98	99	116	102	110	105	98	93	111	93	78	78	95	107	114	91	111	97	111	115	84	86	107	94	105	95	96	103	95	104	113	104
Gene_97	105	102	116	106	110	87	81	103	91	103	99	90	99	101	93	98	99	101	114	94	102	104	93	85	86	100	87	84	95	103	94	111	115	110	114	100	105	86	94	111	93	105	98	108	86	82	108	112	101	93
Gene_98	117	77	100	100	89	101	88	99	97	92	84	118	108	104	101	90	107	103	109	110	92	86	98	97	98	102	121	90	101	109	93	120	88	99	109	109	108	98	99	95	98	101	85	93	96	100	100	102	94	99
Gene_99	106	111	116	102	101	99	111	104	101	113	99	100	114	94	93	105	81	102	105	99	85	124	98	107	93	111	91	95	104	92	96	88	115	92	116	110	100	104	99	114	87	101	104	103	110	89	101	93	93	117
Gene_100	107	118	86	84	84	103	99	94	103	93	102	101	111	96	84	103	92	108	107	104	101	110	108	104	116	103	82	94	85	107	79	109	96	112	91	92	92	100	104	100	110	87	95	111	99	87	103	120	92	118
Gene_101	86	95	90	115	93	99	100	98	113	92	92	96	83	94	114	112	102	106	109	109	95	91	93	82	108	89	93	107	103	103	110	119	109	86	84	94	102	99	99	96	113	96	106	108	96	92	104	97	90	94
Gene_102	91	98	118	107	90	106	119	98	116	129	105	96	103	97	119	108	92	88	112	92	87	92	100	101	111	102	86	97	106	98	115	93	94	115	115	94	87	111	112	86	101	92	111	114	102	108	119	104	95	107
Gene_103	86	96	99	116	102	99	91	116	97	105	112	115	95	107	98	109	89	93	99	101	109	105	84	97	106	100	102	104	84	117	109	105	99	106	100	98	89	98	102	117	95	95	110	107	92	109	105	96	95	99
Gene_104	103	114	89	81	98	86	119	97	96	104	110	98	113	86	93	103	89	99	108	119	100	107	89	97	114	87	88	100	115	93	89	98	101	96	111	102	98	93	129	97	112	81	113	84	105	96	100	112	101	105
Gene_105	84	100	105	93	102	86	96	116	104	101	96	92	97	102	114	96	122	100	76	74	101	84	112	92	97	114	100	94	109	115	106	95	78	87	93	121	102	104	96	78	98	104	84	102	101	118	86	116	82	104
Gene_106	112	105	106	88	111	98	105	126	91	95	93	93	102	107	102	97	113	96	95	103	86	113	94	80	82	104	99	101	108	88	105	94	90	103	102	101	92	98	110	90	90	92	94	117	88	98	105	102	99	104
Gene_107	103	116	77	93	92	94	102	100	104	100	98	115	101	99	106	111	100	96	98	96	107	91	91	99	111	106	104	95	90	108	109	132	110	104	106	107	103	88	89	110	99	97	102	118	101	105	108	108	112	104
Gene_108	96	104	113	102	93	100	102	108	88	95	94	99	89	90	103	124	98	106	112	83	87	96	110	96	96	108	97	98	100	83	107	86	92	96	99	91	90	92	99	99	102	96	101	92	108	96	122	89	123	91
Gene_109	103	103	109	86	77	109	94	101	94	89	117	96	103	99	89	91	96	104	94	105	94	89	92	116	95	87	116	94	90	87	90	100	90	104	106	113	103	95	89	126	102	87	82	77	105	105	103	89	90	83
Gene_110	87	90	107	107	102	83	108	106	100	96	88	88	94	103	102	96	105	94	87	78	95	109	94	97	84	104	95	111	82	84	108	100	88	105	104	102	94	82	103	115	78	105	93	91	88	92	109	102	101	80
Gene_111	76	94	100	87	105	79	95	89	85	91	98	105	96	90	86	103	106	103	96	110	103	95	111	93	94	97	97	99	101	100	111	94	116	108	83	111	102	105	103	100	91	116	94	100	99	89	102	117	101	92
Gene_112	119	92	112	111	109	104	106	106	74	122	92	102	87	102	114	94	109	101	98	95	87	112	117	109	106	91	111	117	84	93	96	91	95	82	102	114	88	104	107	97	105	93	106	87	96	113	117	105	98	97
Gene_113	100	99	77	112	92	92	97	112	85	91	97	117	95	105	104	94	110	112	101	91	112	81	89	91	99	101	106	88	117	106	93	92	89	102	87	96	109	96	108	104	110	89	87	118	109	99	97	84	81	94
Gene_114	94	94	89	91	111	108	97	98	94	83	107	96	97	95	86	101	102	108	99	99	99	88	93	94	103	107	96	105	89	114	124	98	109	99	104	89	107	98	93	116	111	117	90	100	123	103	108	89	105	104
Gene_115	88	90	98	111	114	93	95	113	104	107	105	98	94	90	98	92	103	91	97	100	100	84	106	102	108	97	83	106	96	101	96	104	96	124	115	106	106	97	106	116	109	105	106	104	96	94	91	107	89	90
Gene_116	108	101	106	106	91	88	82	97	95	81	107	110	104	87	84	101	109	97	88	117	96	84	99	98	94	101	108	104	117	96	106	99	106	105	103	92	101	114	105	125	86	100	109	101	80	95	96	110	101	94
Gene_117	114	100	104	102	102	102	101	101	85	86	93	107	117	106	111	98	113	99	75	108	94	98	79	82	111	100	118	95	76	93	96	97	104	94	102	104	100	97	98	104	88	84	103	99	109	102	113	83	96	92
Gene_118	92	101	93	91	87	92	97	86	106	109	100	91	94	90	106	97	100	88	104	83	104	108	101	98	95	108	96	108	86	113	104	95	110	102	94	102	99	102	96	101	98	107	84	100	107	105	84	96	80	90
Gene_119	92	106	90	99	90	101	119	101	116	101	86	99	95	84	95	121	103	97	118	112	87	94	91	102	124	91	104	93	82	76	94	97	112	109	101	108	99	79	99	92	107	103	112	99	102	99	104	106	91	101
Gene_120	99	96	85	93	98	101	110	94	106	96	87	95	113	110	82	111	116	87	110	95	98	108	112	117	103	102	107	107	90	95	106	102	96	97	112	97	119	108	94	101	107	128	116	100	97	101	101	96	117	92
Gene_121	99	88	95	85	107	97	95	97	107	111	90	94	96	105	101	91	94	90	91	111	89	102	105	109	85	101	84	101	122	111	100	115	103	106	104	80	105	112	103	103	103	123	110	103	83	115	104	107	99	116
Gene_122	96	114	95	92	102	121	79	92	115	105	104	99	108	107	99	101	88	96	94	99	105	95	89	101	102	111	91	89	91	92	103	107	90	107	113	112	119	125	97	93	99	98	90	85	97	94	95	113	122	112
Gene_123	118	99	103	90	104	128	98	84	101	102	102	109	92	78	97	84	101	101	105	111	99	105	107	103	109	85	117	98	102	89	113	101	86	111	88	107	124	99	92	96	85	99	85	99	107	93	110	113	113	95
Gene_124	83	119	102	103	73	91	112	93	78	98	109	91	95	93	97	103	109	93	100	96	102	92	98	108	99	89	102	96	88	111	98	100	81	88	121	91	115	119	105	99	102	108	100	97	95	92	94	119	101	95
Gene_125	98	108	96	99	107	99	96	83	79	102	103	91	96	87	106	96	102	103	96	88	105	95	103	104	101	93	104	97	99	103	98	101	86	97	97	103	98	115	85	100	95	86	117	109	87	120	96	97	98	83
Gene_126	94	95	107	115	106	96	106	103	109	98	86	103	94	117	107	103	113	94	81	112	95	112	105	109	95	110	77	106	109	109	95	110	90	93	110	104	102	101	77	105	99	103	106	92	100	102	97	106	93	83
Gene_127	113	101	111	99	101	106	115	94	101	107	92	108	89	96	96	94	110	101	84	92	93	96	110	94	103	90	99	111	95	111	95	85	100	110	94	90	93	124	95	90	118	98	114	88	91	114	90	106	120	105
Gene_128	100	100	104	80	99	91	99	85	98	98	97	103	106	113	113	96	96	112	96	115	109	96	95	100	112	89	87	98	106	98	96	96	82	96	106	88	103	102	124	89	90	90	93	87	85	105	102	97	93	106
Gene_129	109	109	90	96	94	94	112	111	105	112	101	104	104	109	101	89	89	91	103	103	103	103	109	105	115	113	104	99	81	114	88	99	107	92	102	91	107	95	85	121	96	102	111	103	105	88	94	102	110	94
Gene_130	103	95	103	98	94	84	101	100	99	89	102	94	95	104	99	104	94	89	95	100	107	101	111	118	115	98	90	95	106	101	83	104	93	94	107	84	89	88	107	105	101	99	92	113	111	104	105	113	103	92
Gene_131	101	100	94	89	97	98	92	114	106	101	99	112	85	104	98	83	109	92	101	92	125	89	106	94	119	98	95	92	95	106	119	105	88	92	82	113	103	122	90	95	105	105	101	107	93	109	107	106	119	96
Gene_132	104	110	92	107	89	94	95	97	100	108	101	92	105	103	105	107	87	106	94	92	102	105	98	88	91	101	104	106	87	97	88	95	113	103	95	94	90	97	102	101	92	106	97	99	98	97	104	95	108	88
Gene_133	111	104	109	105	106	112	92	103	99	124	90	100	102	97	85	87	90	97	102	101	105	108	100	98	98	90	116	98	102	102	95	103	101	101	123	93	89	106	92	89	88	113	87	84	97	96	103	91	92	119
Gene_134	114	82	96	89	98	81	97	96	89	103	86	102	103	105	88	91	100	106	101	84	85	103	114	95	103	89	104	100	68	105	97	103	110	97	82	89	96	118	108	99	120	122	82	106	97	118	95	106	92	102
Gene_135	105	109	115	101	106	104	109	98	115	116	105	113	104	94	104	108	123	104	117	86	96	98	102	102	103	92	102	96	100	107	117	88	107	108	104	88	106	99	93	92	101	97	121	94	102	103	108	103	118	90
Gene_136	115	108	98	111	104	115	90	111	106	107	86	94	88	97	113	90	97	90	94	122	98	111	105	102	97	96	118	112	99	97	83	101	107	101	110	106	96	101	103	107	96	104	89	96	99	114	89	117	94	87
Gene_137	85	95	85	87	107	101	101	114	107	109	103	108	97	101	111	96	90	101	88	109	111	101	90	99	90	84	89	116	91	93	102	102	112	96	89	105	106	100	94	83	95	92	92	110	108	120	91	94	111	99
Gene_138	113	99	93	122	98	90	101	108	86	93	102	97	113	90	84	83	102	104	92	92	107	96	92	114	92	89	92	110	93	92	98	100	120	95	108	98	98	110	91	102	90	97	88	104	90	101	108	100	86	96
Gene_139	95	98	97	99	106	103	102	114	106	96	100	95	91	90	111	124	93	90	100	106	97	100	108	98	109	93	97	89	116	92	105	104	97	101	102	95	87	108	112	101	99	117	105	94	106	83	107	103	84	112
Gene_140	110	100	98	99	95	103	107	93	101	97	124	119	91	115	112	91	97	103	100	93	107	96	117	94	116	120	98	122	101	92	96	99	98	100	100	100	104	107	134	104	116	81	90	99	106	80	99	109	99	96
Gene_141	85	85	80	91	91	93	100	106	112	111	103	104	82	95	117	106	112	104	102	91	82	119	103	95	94	89	97	91	111	99	92	99	100	100	103	101	120	92	122	103	104	101	96	93	81	87	107	100	100	101
Gene_142	106	93	98	79	94	79	94	108	113	102	90	103	96	102	98	124	112	103	86	117	118	91	108	113	91	114	93	111	124	119	104	93	102	108	105	87	85	96	96	92	100	107	107	125	95	118	95	91	111	116
Gene_143	94	77	93	90	93	113	101	107	112	88	100	87	99	97	86	101	89	104	95	98	98	95	104	113	104	126	98	101	94	82	96	104	83	107	85	86	106	101	89	101	105	102	101	94	116	98	105	87	113	112
Gene_144	88	128	92	107	107	99	80	95	94	99	106	103	97	107	83	109	110	96	108	107	95	100	89	100	102	77	101	100	99	100	117	107	103	93	121	90	102	91	102	95	98	107	101	95	98	115	95	104	88	109
Gene_145	114	121	106	93	104	102	104	102	101	108	103	108	101	79	77	112	116	90	99	88	107	91	111	121	112	104	124	90	105	99	101	104	75	100	101	94	108	99	108	95	101	97	96	95	124	110	111	107	102	108
Gene_146	94	97	107	97	84	94	89	117	103	102	91	106	91	111	104	101	98	101	79	98	103	104	94	92	105	105	94	125	89	101	100	91	85	110	111	94	86	98	106	93	96	106	92	111	98	98	91	120	100	93
Gene_147	111	103	103	97	103	98	105	104	105	115	102	88	100	107	106	106	122	93	111	110	103	100	99	99	104	94	94	117	97	95	105	87	106	111	97	74	102	99	101	102	99	103	106	97	108	94	103	98	102	101
Gene_148	101	113	93	90	93	107	118	100	95	92	94	108	110	111	85	81	105	101	104	97	100	110	83	100	122	84	86	97	107	81	100	120	99	107	113	92	85	94	98	99	82	91	93	98	117	100	102	104	103	116
Gene_149	103	88	94	93	116	106	101	91	101	80	100	89	85	102	119	122	123	93	106	113	100	109	97	101	83	93	96	112	86	93	101	91	102	101	104	120	101	108	109	101	95	101	79	96	83	91	96	93	92	97
Gene_150	114	98	96	113	84	97	94	110	90	89	98	94	94	93	76	108	107	118	85	88	102	120	106	98	93	101	107	97	100	95	110	99	108	96	102	112	113	79	102	111	88	98	102	89	100	90	108	108	102	91
Gene_151	119	100	97	100	106	103	92	109	113	110	99	93	92	97	85	95	96	100	109	110	108	97	117	113	101	101	94	97	100	95	90	96	101	112	107	117	103	105	125	88	99	105	87	111	108	93	101	95	103	87
Gene_152	102	100	105	103	91	86	114	93	93	92	104	113	108	104	93	94	109	89	96	82	81	85	108	89	88	91	90	107	108	104	96	84	100	102	91	83	105	116	93	92	98	98	98	115	105	76	85	109	112	111
Gene_153	96	98	101	101	106	87	104	106	87	96	112	105	110	101	105	91	98	88	95	95	92	81	104	86	82	111	106	90	103	113	111	98	78	105	76	105	96	116	97	112	100	108	110	84	96	104	98	95	91	90
Gene_154	114	102	110	90	106	80	115	99	101	110	100	106	90	100	92	109	129	92	105	115	102	90	97	95	116	107	114	102	94	84	88	99	117	96	109	97	112	98	105	106	120	85	102	116	97	109	102	124	82	98
Gene_155	105	87	86	98	91	94	96	90	108	88	100	95	107	106	96	91	117	104	105	98	116	86	84	103	89	98	108	102	83	84	94	108	98	105	101	92	103	126	114	95	103	97	92	93	117	102	103	104	91	117
Gene_156	101	97	102	96	85	104	103	103	106	103	97	98	83	115	101	79	108	95	100	100	110	84	100	104	106	109	107	99	102	101	100	88	83	95	103	111	119	80	102	106	108	95	89	96	97	102	73	93	101	108
Gene_157	108	96	109	102	86	112	122	107	106	104	100	100	109	99	107	87	97	106	112	100	102	103	122	98	90	113	97	95	88	98	90	93	89	116	102	101	99	90	104	97	97	90	102	99	105	100	112	98	110	105
Gene_158	102	97	96	87	90	92	94	102	113	108	93	85	95	117	102	97	94	88	91	107	93	115	97	113	104	103	95	92	89	92	105	92	99	94	95	91	94	98	97	118	114	100	122	91	105	98	87	106	94	92
Gene_159	97	97	91	89	105	102	100	104	106	86	91	103	107	109	95	94	80	87	105	102	101	76	94	100	104	103	98	109	84	99	112	99	82	108	93	98	102	107	85	98	105	99	102	104	106	114	103	96	90	105
Gene_160	99	106	99	112	99	109	106	101	97	113	102	110	98	104	98	99	105	98	92	92	99	107	102	111	94	99	93	105	112	85	104	100	94	88	113	93	106	95	110	97	105	93	102	98	97	91	99	92	90	115
Gene_161	91	110	84	106	108	113	86	105	114	104	80	98	92	98	103	95	94	87	84	90	101	94	91	88	99	112	95	112	104	107	96	102	107	94	92	86	117	120	107	109	112	107	99	114	99	97	100	107	119	99
Gene_162	96	96	99	109	113	102	96	98	97	103	121	108	100	123	89	104	111	94	98	109	99	120	90	81	110	95	100	89	115	101	101	86	95	107	90	94	99	112	94	109	86	96	95	98	84	101	101	98	107	111
Gene_163	112	102	114	99	96	94	103	86	85	103	81	106	103	110	87	94	98	94	100	108	120	127	98	99	98	97	101	111	80	106	95	98	113	110	106	93	102	102	86	118	102	94	98	112	102	113	90	108	97	108
Gene_164	100	92	83	85	111	100	97	110	102	89	104	94	94	81	99	98	105	89	96	103	99	92	85	107	106	117	89	88	106	108	108	112	106	113	101	91	93	109	93	110	106	101	113	107	106	100	109	88	88	89
Gene_165	108	99	108	85	126	83	100	98	90	99	94	97	90	106	103	97	103	108	77	94	88	107	100	92	109	83	97	111	110	97	117	107	90	112	101	101	106	98	104	131	107	110	93	100	109	88	110	88	125	91
Gene_166	95	114	91	110	100	99	100	102	98	100	78	102	98	109	101	97	93	105	105	77	93	107	104	108	110	106	111	90	108	85	100	89	91	109	94	97	87	104	102	102	100	104	77	102	111	99	116	87	106	101
Gene_167	86	105	105	107	102	95	101	97	101	102	104	105	109	101	99	101	104	90	105	110	90	101	83	91	100	109	102	93	102	107	99	104	83	105	81	107	109	100	105	92	106	92	106	100	102	87	101	112	103	114
Gene_168	111	89	75	100	103	112	112	90	98	106	88	107	92	103	89	105	118	80	85	103	106	102	117	92	111	100	79	99	95	88	92	89	95	100	109	101	105	94	112	95	119	89	105	102	95	97	91	87	96	99
Gene_169	104	96	105	104	97	105	91	112	103	104	101	105	81	83	96	92	88	102	107	98	115	114	91	122	85	98	94	111	105	103	127	106	103	78	106	88	104	116	90	105	103	108	126	105	99	103	99	100	91	82
Gene_170	95	94	106	101	84	98	89	115	101	91	103	86	85	94	106	109	96	105	92	99	82	102	99	98	103	109	111	116	88	108	106	119	81	106	101	114	111	106	84	102	88	104	104	116	125	104	100	106	87	103
Gene_171	98	104	88	80	94	97	119	107	93	88	93	102	94	105	93	90	101	93	104	105	97	96	109	98	106	107	89	89	102	108	104	99	124	104	89	114	98	98	93	112	89	95	97	98	87	92	100	93	102	101
Gene_172	103	113	91	86	108	104	99	92	92	95	110	100	92	112	95	96	96	103	100	94	91	100	105	118	97	117	99	101	118	104	102	92	94	93	92	99	88	95	88	86	87	102	84	95	116	99	120	98	123	90
Gene_173	106	113	109	113	94	99	99	99	95	80	111	118	92	94	78	110	122	95	115	88	87	99	91	85	93	108	99	99	94	104	92	96	103	106	90	98	83	101	95	95	119	106	118	94	92	90	98	90	101	112
Gene_174	109	93	92	91	110	101	93	108	99	114	93	110	102	93	89	107	105	95	82	89	82	97	109	114	105	110	98	104	90	98	97	104	89	101	79	109	120	89	113	112	117	107	99	99	108	95	105	101	97	106
Gene_175	107	115	102	108	87	99	111	91	104	91	111	93	110	85	105	81	107	79	102	111	82	82	89	97	124	97	82	100	123	99	111	93	106	106	102	92	119	88	100	92	96	127	80	101	93	99	98	103	88	85
Gene_176	118	118	85	114	111	98	89	104	92	93	105	97	90	99	94	95	89	104	110	110	106	105	100	92	93	94	98	96	101	107	96	103	88	91	90	99	116	82	89	106	100	100	123	114	106	103	90	94	94	123
Gene_177	98	109	112	103	104	104	115	93	96	112	96	92	91	105	106	97	90	108	102	94	104	99	85	102	89	96	105	98	111	99	116	101	113	105	100	86	117	99	92	96	81	71	107	87	114	111	108	90	88	93
Gene_178	96	87	101	120	97	95	116	99	109	82	101	108	96	90	81	100	96	108	95	84	102	108	101	98	91	110	85	89	100	87	103	98	82	96	112	95	103	101	113	94	91	112	101	87	90	102	79	102	110	106
Gene_179	108	81	110	105	109	118	104	117	106	102	97	93	91	106	101	105	115	101	118	105	99	125	100	104	105	96	92	85	95	101	108	105	93	83	112	93	101	126	84	99	97	103	99	90	103	106	108	92	116	107
Gene_180	111	97	104	104	99	93	109	105	95	124	111	99	114	99	107	108	96	107	111	122	109	97	117	80	100	108	106	106	110	117	117	108	105	85	105	84	92	98	99	101	109	87	98	101	98	101	100	89	108	99
Gene_181	107	101	104	93	125	89	88	96	107	114	106	103	100	106	91	98	86	122	116	87	89	107	92	91	108	96	99	98	113	90	117	109	98	101	108	94	98	104	96	115	105	95	88	90	85	101	113	99	109	78
Gene_182	85	91	107	90	87	120	101	100	102	96	114	100	75	96	97	88	95	108	83	111	100	107	94	100	103	110	97	110	100	116	103	94	98	94	99	92	102	114	91	89	77	101	104	120	90	99	83	117	95	103
Gene_183	97	89	93	96	102	101	93	116	84	98	107	98	94	84	84	106	114	106	110	91	75	98	103	105	89	103	108	85	111	110	100	108	103	109	112	82	89	98	104	114	103	84	94	103	120	73	104	100	94	98
Gene_184	89	92	79	105	116	106	106	79	108	111	104	103	88	83	75	98	97	104	101	94	92	106	82	104	109	101	79	98	95	102	108	96	96	112	96	105	113	105	96	85	96	107	87	108	113	91	85	98	78	101
Gene_185	94	94	101	96	115	100	102	101	104	118	91	108	105	112	97	90	107	99	107	93	102	118	103	95	120	114	103	110	114	84	99	90	97	97	117	78	103	109	102	109	86	106	87	131	87	107	103	96	93	98
Gene_186	86	103	94	97	102	127	107	103	86	116	108	112	100	108	91	98	114	107	103	97	95	94	99	91	97	94	96	98	112	99	97	110	96	96	107	88	87	101	103	108	94	101	101	85	103	97	97	113	122	109
Gene_187	93	102	108	79	109	108	103	102	77	99	95	90	92	114	83	87	95	104	107	92	96	106	85	93	96	99	89	115	107	95	98	113	100	120	129	86	79	90	97	103	104	99	80	112	101	103	107	90	108	94
Gene_188	119	98	109	100	108	103	103	107	98	89	101	82	89	104	107	98	92	106	97	96	91	89	95	105	98	91	86	107	110	95	109	85	104	102	98	79	100	96	100	100	105	111	97	103	83	100	102	105	116	96
Gene_189	108	106	108	93	107	105	90	115	111	86	107	98	87	113	118	115	103	103	90	88	87	95	103	104	112	98	123	110	92	96	115	103	117	92	93	114	106	81	107	90	98	81	105	92	105	90	126	87	95	105
Gene_190	83	99	111	102	97	99	93	110	97	115	97	119	121	126	79	119	103	109	101	116	109	116	110	105	116	105	98	99	105	108	105	104	95	87	99	92	78	102	99	97	108	97	100	113	98	101	112	101	102	96
Gene_191	104	103	94	95	111	118	109	84	97	89	97	102	85	95	109	103	82	109	97	96	111	107	88	100	98	118	92	99	79	104	90	98	107	97	119	97	94	100	102	94	101	90	93	92	113	103	100	104	114	87
Gene_192	121	118	99	96	121	93	93	81	119	95	81	104	110	100	97	95	113	102	122	92	99	98	100	92	111	97	114	91	96	104	114	98	92	104	105	107	98	100	94	95	105	109	110	103	89	100	86	99	116	87
Gene_193	111	84	87	102	94	86	97	88	106	88	81	110	93	83	106	113	99	116	102	108	106	108	110	99	87	96	107	92	107	117	94	112	102	110	100	107	90	92	92	112	98	95	90	92	100	88	106	99	98	90
Gene_194	94	86	109	89	104	96	110	102	108	108	105	93	88	111	105	104	98	100	92	85	100	96	110	98	108	75	92	101	93	104	112	99	106	104	112	100	106	89	108	97	111	103	113	102	91	112	101	89	93	102
Gene_195	87	93	103	99	111	103	105	109	109	109	97	94	118	115	117	93	95	111	88	102	112	111	95	93	103	85	96	101	100	101	100	111	83	88	87	105	89	110	95	109	104	93	94	117	99	97	108	110	95	112
Gene_196	94	98	104	91	94	100	104	95	115	99	94	97	108	110	92	109	87	85	90	110	97	121	100	82	93	84	112	113	100	111	109	105	96	101	112	107	92	97	84	88	107	102	120	115	91	109	112	116	104	114
Gene_197	106	118	103	89	121	105	110	97	99	85	93	98	104	94	95	100	100	94	95	101	74	99	108	102	125	83	97	89	94	103	101	99	93	100	95	91	111	108	93	110	95	94	81	96	89	100	108	110	76	92
Gene_198	101	89	105	94	79	118	80	99	92	96	112	104	115	98	104	94	102	88	100	83	117	97	99	107	104	92	102	102	91	107	119	106	94	107	113	107	109	87	93	104	91	94	81	87	110	104	95	113	142	84
Gene_199	113	95	121	89	102	96	112	99	85	104	104	110	94	88	96	100	77	111	101	110	126	111	97	102	113	106	90	87	125	111	103	86	102	91	97	81	95	95	97	107	109	119	99	74	98	102	129	94	98	82
Gene_200	108	99	101	88	111	101	96	93	105	97	94	99	109	88	108	100	92	102	87	94	110	107	94	101	105	98	101	81	112	92	90	104	87	99	104	84	102	93	93	107	91	100	137	79	115	103	93	110	88	98
Gene_201	87	94	101	117	90	100	101	87	120	103	93	100	99	93	96	92	103	108	101	102	105	75	78	93	103	107	99	88	112	105	104	108	94	100	94	117	91	108	103	97	99	87	99	80	98	87	104	82	91	93
Gene_202	91	109	101	99	105	95	113	85	108	90	94	111	120	100	119	92	105	109	90	106	106	103	101	93	97	103	100	121	104	97	77	87	105	90	111	101	108	97	97	104	108	111	99	93	107	103	99	97	102	100
Gene_203	97	91	95	106	98	91	116	89	93	112	86	79	95	116	98	101	85	106	95	116	84	107	115	97	94	113	100	110	90	86	106	92	99	108	94	105	95	107	102	119	113	94	99	80	110	93	103	85	78	96
Gene_204	103	94	114	95	72	92	99	113	102	97	87	90	95	105	96	101	96	99	92	95	104	102	103	129	96	87	98	124	98	82	82	102	103	103	88	106	105	97	105	87	98	89	121	94	104	111	108	98	96	112
Gene_205	115	72	93	89	90	106	104	92	112	113	116	98	110	77	96	99	92	96	106	82	106	94	106	102	92	88	100	75	108	93	94	122	108	100	92	106	97	104	105	106	87	98	109	108	100	100	96	101	108	100
Gene_206	95	106	109	119	89	95	112	108	101	88	109	92	101	74	87	112	97	107	105	95	83	109	77	115	103	107	98	99	105	95	118	93	111	88	101	86	94	104	89	101	98	101	86	108	101	108	112	109	98	110
Gene_207	84	88	89	102	114	100	94	118	112	95	89	87	107	94	92	86	107	113	104	87	91	101	113	97	95	85	100	108	111	99	91	96	115	83	94	105	102	104	99	110	110	98	106	127	100	93	75	102	98	103
Gene_208	84	93	122	103	90	87	84	98	109	105	104	97	93	97	103	91	77	95	113	96	88	107	101	104	105	103	100	99	105	80	90	97	101	112	100	106	98	101	112	114	102	94	101	87	97	88	98	103	108	107
Gene_209	114	107	93	94	98	101	85	95	89	126	112	112	92	93	105	94	96	103	111	105	101	86	102	82	123	103	95	91	115	96	94	109	100	106	103	122	91	101	90	99	90	108	121	109	85	89	103	107	96	100
Gene_210	97	97	104	108	110	117	108	107	91	103	100	108	86	99	103	103	116	111	111	91	91	92	113	92	108	97	131	101	108	96	86	103	108	97	112	121	107	105	115	106	108	109	100	102	104	129	95	106	100	108
Gene_211	114	77	97	117	107	85	104	99	109	101	106	91	101	105	107	105	96	107	75	111	106	92	117	96	104	116	84	99	103	92	95	105	91	112	104	111	118	80	108	97	86	112	87	103	91	114	106	108	130	86
Gene_212	108	88	104	113	97	79	104	92	105	92	89	99	77	97	102	110	74	107	105	103	100	98	100	113	101	104	97	105	109	94	98	90	108	105	110	94	97	91	93	88	95	90	113	104	100	79	88	113	118	91
Gene_213	109	105	105	89	100	107	112	92	111	105	106	101	103	96	111	90	115	106	94	84	94	92	104	98	105	110	96	94	101	84	87	118	88	99	97	83	87	103	95	100	95	90	89	124	96	94	102	85	116	87
Gene_214	94	103	118	117	100	96	102	98	87	104	95	89	97	110	98	103	102	92	113	101	105	107	83	88	109	89	86	93	85	95	92	115	71	108	101	100	108	108	91	98	93	98	99	81	90	95	81	99	103	108
Gene_215	99	86	84	110	87	97	98	96	108	105	111	93	97	110	106	95	94	114	109	89	96	81	87	103	105	103	112	98	98	115	99	98	98	113	116	109	102	105	105	96	109	118	96	96	69	93	98	98	84	102
Gene_216	99	90	100	101	98	110	96	86	85	76	82	101	90	87	113	113	104	113	102	107	103	117	100	112	102	107	102	111	96	108	96	102	96	102	108	93	87	102	102	106	80	91	111	103	99	101	93	101	90	91
Gene_217	98	96	97	104	104	109	102	99	93	115	106	89	89	131	119	87	107	85	95	107	97	76	93	98	87	98	97	110	95	92	108	108	103	82	94	112	100	111	99	117	89	88	93	97	106	105	120	103	96	116
Gene_218	94	85	95	111	104	89	91	97	108	102	110	108	117	101	99	94	102	117	103	83	104	117	97	104	92	93	107	115	80	109	94	109	96	101	104	98	101	110	104	110	90	91	102	96	94	98	102	100	82	100
Gene_219	95	123	104	113	108	113	105	95	96	101	98	106	110	98	90	120	103	97	101	108	88	116	101	99	91	106	87	120	101	125	92	92	106	100	114	89	104	96	96	103	109	86	102	95	100	122	94	88	107	94
Gene_220	103	86	99	97	96	105	104	91	108	94	104	92	97	84	93	108	113	101	107	102	101	116	90	102	111	102	108	102	111	93	106	90	111	101	96	98	98	107	110	88	112	91	91	93	94	116	90	101	102	114
Gene_221	111	97	112	110	97	110	95	112	103	102	101	110	114	94	93	99	98	97	109	102	85	98	107	104	106	111	112	113	95	97	87	92	102	90	100	101	99	91	99	96	103	109	93	95	112	84	99	97	96	99
Gene_222	101	107	78	89	95	94	87	122	103	99	89	86	92	94	105	97	115	98	86	88	86	99	95	108	101	105	105	105	120	114	115	101	101	107	118	89	98	109	101	97	106	89	107	98	89	103	80	93	93	105
Gene_223	93	80	99	100	102	97	86	108	107	104	109	107	121	80	102	97	128	93	98	85	106	109	92	117	83	110	110	99	99	99	105	112	110	102	84	85	110	100	108	74	106	97	83	103	107	103	104	102	92	94
Gene_224	94	100	109	99	103	103	87	122	105	116	84	103	100	120	104	96	109	106	91	104	106	84	97	102	111	104	99	111	79	103	99	90	106	90	104	86	101	104	100	106	115	97	96	109	90	99	85	85	105	107
Gene_225	94	104	112	105	81	100	119	101	106	112	83	95	95	99	91	101	111	89	93	97	83	88	137	113	107	113	98	105	92	102	101	96	107	108	118	96	90	99	93	96	115	103	84	87	103	105	103	115	89	93
Gene_226	102	101	89	100	102	102	88	93	92	71	102	84	95	87	98	103	90	114	97	81	108	108	104	106	114	87	104	93	103	101	105	107	107	92	85	104	107	79	98	89	104	105	97	107	102	100	92	89	99	91
Gene_227	91	95	105	77	96	100	95	88	100	95	117	98	122	87	94	106	102	92	99	113	101	98	109	99	117	101	112	96	105	96	92	87	102	115	91	89	88	88	112	101	106	102	103	85	99	83	102	85	100	90
Gene_228	108	108	107	93	82	80	110	93	88	99	91	103	89	106	104	72	105	95	83	111	112	83	96	89	112	93	89	106	94	89	105	98	105	106	80	99	103	93	109	93	81	95	102	108	99	100	105	113	100	99
Gene_229	111	96	107	98	78	105	110	109	98	112	102	98	112	103	85	105	103	120	93	90	99	88	86	95	103	97	99	83	95	87	102	93	86	105	99	95	126	93	98	120	97	97	88	86	115	97	108	108	106	97
Gene_230	129	106	99	116	103	89	85	91	92	99	100	104	88	79	97	107	77	105	107	84	98	85	103	103	108	96	115	102	97	113	103	94	98	84	117	82	101	85	108	108	102	101	102	108	89	107	110	110	104	113
Gene_231	96	97	103	95	111	115	109	101	99	98	128	101	95	109	100	103	103	114	105	95	123	100	89	100	101	94	101	89	98	77	93	94	110	116	120	89	105	97	105	97	114	98	101	117	100	91	111	103	97	105
Gene_232	84	112	100	92	91	96	95	92	92	108	102	87	102	89	89	117	115	103	94	106	104	94	89	100	101	110	110	109	96	101	126	103	99	104	101	107	98	102	104	113	116	96	96	88	95	117	94	95	91	92
Gene_233	101	115	103	99	102	106	121	94	83	119	102	80	116	111	82	113	92	96	103	105	110	90	104	103	93	92	104	94	89	110	104	115	98	108	111	95	99	108	93	117	100	95	93	117	91	104	89	91	113	118
Gene_234	102	101	103	84	90	93	108	104	113	113	106	100	102	109	105	126	95	88	112	96	99	89	103	89	96	103	103	110	104	109	96	100	107	102	101	105	98	98	114	98	94	90	110	98	103	109	111	119	110	97
Gene_235	105	75	121	104	89	106	97	87	104	90	118	98	118	90	99	98	105	118	98	106	96	99	91	102	85	101	96	109	108	98	83	112	104	85	91	96	98	104	99	106	93	106	105	93	95	107	114	111	105	100
Gene_236	98	98	100	95	87	96	114	93	112	118	94	102	83	92	96	117	103	90	92	98	94	116	114	110	92	96	93	104	97	101	95	105	94	106	100	106	92	95	93	96	70	103	98	96	106	96	95	106	104	103
Gene_237	65	105	105	101	85	123	102	98	113	100	94	92	92	127	87	102	116	84	110	102	104	100	84	112	98	87	88	86	104	87	112	111	111	99	106	108	100	94	113	104	121	99	93	107	111	102	92	108	88	92
Gene_238	117	85	83	109	105	95	99	111	81	90	96	110	115	104	118	90	91	103	89	120	97	91	116	127	119	91	112	87	109	100	105	97	84	89	92	104	78	90	102	80	85	98	106	101	87	105	99	97	99	97
Gene_239	114	97	90	84	93	88	91	104	112	100	96	112	98	92	120	98	100	92	80	82	104	114	92	85	86	96	99	110	104	91	96	93	116	101	103	114	99	120	115	87	101	100	93	100	95	125	97	99	115	83
Gene_240	101	100	105	88	103	75	109	85	110	100	108	86	91	98	95	104	101	101	91	112	99	100	94	98	114	101	118	106	109	105	98	90	104	123	114	93	76	117	94	115	85	98	105	105	90	100	95	120	104	103
Gene_241	91	79	112	104	106	97	96	99	102	121	94	110	79	110	85	90	94	99	81	87	88	80	99	109	95	105	97	97	95	103	111	112	87	77	96	107	104	113	100	93	98	104	110	98	108	109	118	88	103	100
Gene_242	101	116	111	102	109	107	88	87	98	100	97	100	87	117	102	102	84	114	99	98	91	85	75	88	122	92	97	95	97	105	106	100	102	109	90	100	109	110	110	112	96	96	113	100	94	93	94	97	108	127
Gene_243	127	122	92	126	111	101	106	97	108	113	105	107	84	96	103	99	101	107	109	94	83	93	98	97	100	98	108	96	85	111	94	102	88	101	93	88	98	87	92	97	101	89	100	98	100	107	100	104	87	109
Gene_244	106	93	100	89	99	87	103	92	91	99	101	104	83	100	99	104	97	106	84	92	96	99	106	115	96	92	112	107	103	91	112	89	89	116	93	96	81	103	110	107	106	89	94	95	113	116	85	105	126	105
Gene_245	99	103	97	103	102	78	102	94	98	108	108	91	106	96	91	101	104	100	117	112	106	110	101	115	102	98	111	100	109	109	89	101	106	93	102	100	105	97	112	85	122	104	100	124	106	93	102	88	100	117
Gene_246	119	108	99	117	105	111	103	101	97	90	95	96	84	104	116	104	105	93	105	104	89	111	90	89	110	102	105	100	98	91	94	99	94	96	100	98	114	114	99	114	130	108	111	90	104	83	99	102	88	113
Gene_247	99	99	125	98	106	90	104	77	99	89	105	115	98	115	115	83	103	110	105	129	107	94	88	114	111	94	84	87	85	89	96	91	110	95	112	99	89	106	98	89	97	110	106	91	111	102	107	97	103	116
Gene_248	99	97	73	82	84	80	106	91	109	111	80	97	115	110	98	102	109	100	89	99	101	104	111	111	86	119	98	97	100	97	98	98	123	99	92	97	85	92	101	95	105	87	93	115	105	116	99	98	96	94
Gene_249	88	106	85	116	113	106	105	97	99	100	92	98	111	125	110	83	101	103	108	117	97	106	93	88	87	121	122	97	125	115	103	84	93	101	97	103	83	109	97	111	107	112	100	93	91	96	118	90	86	114
Gene_250	112	106	104	92	109	92	93	83	108	110	97	87	100	97	92	95	96	104	92	79	98	89	94	94	77	86	77	93	103	105	105	88	105	87	105	91	93	107	96	105	88	86	104	93	105	96	92	95	95	102
Gene_251	104	101	111	102	108	85	95	112	100	103	96	88	88	99	114	98	89	102	82	122	101	85	89	98	95	103	92	102	95	111	99	100	102	91	101	91	96	111	91	92	115	88	84	106	95	89	103	98	112	117
Gene_252	86	100	93	94	88	105	99	99	97	98	108	97	113	119	109	100	99	100	103	106	102	104	105	108	114	101	104	96	105	104	95	105	104	89	86	118	104	95	107	95	107	93	114	108	92	107	105	87	108	102
Gene_253	108	80	121	85	105	98	90	98	111	108	107	112	107	95	115	95	93	117	101	95	99	94	107	97	101	105	101	93	81	83	101	101	98	91	115	112	119	100	113	102	94	100	116	86	93	113	102	120	99	113
Gene_254	89	104	102	109	103	76	99	110	83	94	122	115	97	92	96	106	92	100	103	101	104	93	90	90	102	90	119	121	117	98	87	114	94	80	96	92	102	92	116	111	91	111	100	92	95	102	89	109	89	104
Gene_255	110	94	96	91	106	97	97	95	102	100	101	93	112	97	96	109	105	92	106	106	100	102	98	98	101	102	95	100	97	88	104	107	100	93	121	117	91	102	108	92	119	100	93	90	100	106	110	97	92	97
Gene_256	92	93	110	83	99	95	120	85	97	74	100	93	106	114	109	98	82	105	109	107	79	105	104	95	114	112	103	96	93	96	105	100	100	98	103	95	85	111	117	116	93	113	84	125	86	108	98	110	87	125
Gene_257	84	101	83	91	111	93	91	102	83	87	92	98	103	104	103	103	96	94	117	75	102	102	111	88	99	102	115	97	88	122	100	101	99	106	85	101	98	91	91	94	105	98	107	86	105	107	111	106	94	100
Gene_258	110	95	103	89	95	93	73	103	103	102	110	94	122	96	98	74	97	85	87	102	100	86	104	105	105	102	97	118	91	92	79	107	91	104	99	81	113	107	111	107	84	95	104	92	103	93	107	103	104	99
Gene_259	110	100	127	98	99	102	102	104	107	111	99	103	101	123	97	104	103	99	119	90	104	105	97	79	80	96	101	110	87	99	110	86	102	88	114	105	116	92	104	104	101	84	78	98	107	93	80	97	103	85
Gene_260	95	99	90	97	122	117	98	93	82	105	89	108	101	100	100	94	100	105	114	91	103	94	100	103	108	97	111	121	111	95	90	118	100	114	75	103	90	104	79	107	105	89	104	89	96	104	106	113	104	100
Gene_261	92	83	98	139	100	98	103	90	115	88	99	101	86	91	102	98	99	100	87	104	96	89	99	125	82	81	97	111	123	110	83	88	95	127	99	93	97	107	97	123	106	112	110	104	101	99	111	95	118	79
Gene_262	84	119	117	88	119	106	106	104	91	101	100	82	87	106	107	90	104	92	99	94	104	124	83	101	104	93	95	96	119	90	102	96	89	110	90	96	88	97	97	101	93	86	89	92	85	96	118	121	102	112
Gene_263	104	135	112	93	101	94	103	110	118	97	109	111	101	77	94	100	112	83	90	120	88	97	115	112	115	80	99	102	103	101	86	84	98	87	98	104	97	93	105	82	89	93	109	96	106	87	100	98	111	109
Gene_264	101	106	93	114	102	85	107	102	100	96	87	103	86	101	100	101	91	86	105	108	97	101	93	92	96	96	103	109	107	106	92	101	114	93	107	94	107	101	112	98	96	104	96	93	112	116	106	94	93	99
Gene_265	86	84	108	108	103	117	105	102	93	95	80	101	89	104	109	97	95	96	81	93	106	95	95	113	111	86	99	100	115	80	91	92	102	102	108	95	95	96	98	112	87	106	100	101	88	113	110	106	110	121
Gene_266	106	101	90	98	97	106	96	106	99	95	105	95	104	120	95	105	105	97	89	102	97	100	103	88	105	92	96	93	92	93	106	93	95	113	95	101	113	110	116	108	97	88	118	103	98	101	83	108	88	111
Gene_267	88	120	106	99	113	97	105	101	97	84	115	105	101	98	98	90	94	108	83	92	98	90	97	85	96	108	97	97	108	101	89	103	113	95	98	83	94	101	83	88	110	113	97	99	105	108	77	95	99	92
Gene_268	111	111	111	82	91	88	85	104	102	98	111	107	88	104	96	95	95	95	92	107	96	117	85	104	90	98	90	103	93	100	114	100	109	103	99	100	111	107	114	104	98	102	89	109	101	100	89	103	100	105
Gene_269	123	88	95	116	73	97	104	92	88	117	98	93	108	125	79	100	92	114	105	93	103	120	115	91	110	101	89	92	113	122	100	104	97	120	95	91	97	85	79	97	116	97	114	100	112	90	99	109	92	104
Gene_270	106	106	95	108	89	96	104	109	95	113	89	95	112	105	98	117	107	99	105	99	108	86	109	96	106	101	95	95	87	93	103	102	97	97	121	112	102	97	104	104	104	91	93	105	101	96	102	115	86	105
Gene_271	102	99	105	97	94	83	83	95	94	98	123	99	96	94	105	107	103	95	105	110	107	115	84	107	99	97	94	95	112	113	97	105	90	83	99	112	105	103	114	101	107	88	98	97	107	93	102	94	118	106
Gene_272	108	111	84	103	125	109	89	108	85	95	97	99	108	101	112	89	108	89	90	80	83	100	109	93	104	88	92	108	108	93	79	92	109	107	122	90	99	94	108	98	107	100	104	105	115	94	103	111	95	118
Gene_273	98	105	106	95	113	104	99	113	96	104	94	110	97	101	92	87	105	90	102	110	89	83	99	101	93	103	88	110	103	95	104	103	111	104	90	91	96	111	92	101	94	117	91	99	87	89	98	95	106	106
Gene_274	109	87	115	105	108	104	108	113	101	81	104	95	94	94	115	111	117	110	90	111	104	101	87	86	107	95	119	108	115	110	116	107	98	109	97	100	111	89	97	93	93	93	98	105	110	96	107	102	104	102
Gene_275	100	90	98	80	113	97	116	109	98	94	86	115	99	113	98	86	88	92	100	102	106	89	115	105	105	90	93	107	87	101	93	99	97	90	66	112	98	112	81	90	81	98	94	98	124	124	123	100	89	96
Gene_276	88	113	103	92	87	95	113	112	98	101	107	105	83	96	113	98	91	114	112	103	91	80	105	97	102	85	110	91	103	91	82	105	104	87	109	105	91	106	101	96	103	92	115	102	89	96	87	86	105	101
Gene_277	85	86	106	99	107	105	112	128	89	90	96	92	96	84	96	107	96	113	102	101	95	95	105	111	99	116	100	95	95	96	74	106	92	93	97	114	103	103	105	107	84	94	108	119	95	102	103	103	113	120
Gene_278	105	104	95	103	92	87	81	87	112	106	117	106	87	96	90	95	107	91	111	102	101	109	105	82	112	96	101	104	110	119	118	119	111	103	112	93	107	90	103	99	104	108	77	97	108	94	96	110	79	86
Gene_279	109	116	94	93	102	99	104	103	89	120	94	103	100	104	83	110	102	88	102	115	94	105	104	110	96	102	99	96	99	93	93	103	99	108	91	89	118	98	96	103	109	100	112	102	134	94	87	101	94	93
Gene_280	85	103	100	93	103	106	99	96	96	96	94	86	116	104	97	109	105	94	98	116	92	105	97	95	97	100	119	101	88	107	113	103	104	96	104	87	95	95	93	116	102	89	95	89	110	94	107	90	95	102
Gene_281	113	83	103	102	104	94	89	86	87	116	124	105	97	94	101	96	95	111	99	116	119	113	105	95	127	91	107	85	112	96	100	102	102	120	96	114	100	98	107	118	99	110	86	91	107	98	87	103	95	88
Gene_282	94	88	75	105	116	101	88	96	91	101	104	103	85	107	87	84	96	95	84	90	87	104	94	104	106	104	98	97	98	112	104	107	88	89	107	94	112	96	102	101	104	126	112	104	109	109	98	85	96	95
Gene_283	105	107	106	101	76	98	124	93	101	105	97	92	113	78	88	102	99	119	112	111	88	83	84	118	94	84	109	94	114	107	91	121	102	95	93	112	104	108	87	108	103	91	88	102	87	98	106	117	89	94
Gene_284	110	97	95	91	93	110	111	99	104	102	95	106	98	102	99	91	103	99	110	101	83	106	99	112	93	101	99	103	110	100	100	87	97	101	108	92	97	106	100	99	99	99	111	100	101	102	97	94	106	90
Gene_285	111	108	108	92	99	97	103	93	97	98	115	88	104	117	98	104	82	113	106	106	105	112	96	110	87	97	102	103	113	105	88	91	91	103	92	104	119	106	107	103	108	88	101	104	89	104	101	90	97	114
Gene_286	119	93	129	89	92	85	91	112	99	84	94	92	99	108	102	118	93	84	108	97	78	86	101	91	96	86	94	116	108	93	126	84	100	110	100	104	126	98	76	94	94	95	115	133	107	85	92	93	102	95
Gene_287	103	120	99	100	94	116	104	96	95	95	115	82	81	106	93	124	107	91	95	109	119	103	116	100	96	89	102	108	112	101	94	98	95	83	84	109	92	98	88	104	95	99	109	115	107	91	97	112	89	94
Gene_288	96	89	111	89	107	97	94	108	104	88	97	100	90	100	109	106	103	99	99	80	85	99	100	114	94	97	97	101	112	106	90	109	102	96	104	98	94	87	90	103	106	84	88	101	88	108	97	96	85	113
Gene_289	96	120	100	91	88	85	86	105	94	109	111	102	102	102	86	106	93	92	102	107	89	104	87	92	99	108	100	114	94	84	92	103	99	93	88	91	80	93	91	98	79	104	105	107	119	100	104	114	93	100
Gene_290	87	97	103	108	83	104	92	85	89	111	111	114	111	113	112	108	94	98	91	108	96	93	100	97	114	100	101	99	122	93	97	104	83	97	85	104	87	101	98	98	86	94	97	100	89	85	105	100	107	97
Gene_291	91	98	100	101	100	86	106	106	92	89	90	93	103	108	103	109	96	101	95	95	97	102	101	87	101	98	104	119	106	76	102	93	118	101	108	103	121	101	106	105	95	97	107	119	82	97	107	111	102	98
Gene_292	92	85	96	101	114	103	88	117	112	90	96	108	111	84	99	98	102	100	79	107	100	99	108	118	74	109	96	97	85	103	94	108	89	111	101	97	116	92	86	92	109	100	116	85	91	115	89	105	98	110
Gene_293	107	101	90	110	86	91	111	87	73	105	90	95	109	91	90	103	113	95	100	93	78	110	112	109	82	101	92	83	112	91	98	112	93	104	100	102	87	105	93	129	93	101	105	115	108	110	99	118	95	109
Gene_294	122	94	113	101	114	99	90	106	108	94	110	117	94	67	101	98	97	98	104	91	95	93	108	79	95	95	77	87	91	94	110	92	97	91	90	86	95	100	107	118	66	116	91	94	111	118	113	103	100	108
Gene_295	101	104	117	102	103	87	95	100	102	98	99	119	69	90	103	110	107	105	108	86	115	93	115	101	88	104	109	102	128	101	97	106	91	116	113	82	93	98	121	106	89	102	99	91	89	106	97	109	94	99
Gene_296	100	112	103	105	97	82	91	86	78	111	113	95	108	112	89	89	100	92	120	91	87	104	81	98	106	104	104	97	94	103	96	108	89	95	106	94	109	76	100	107	91	103	104	102	108	99	101	121	117	115
Gene_297	85	99	94	114	95	106	117	89	94	100	79	127	89	99	85	89	96	111	112	101	99	102	95	82	100	109	115	99	103	117	83	92	118	94	86	104	107	96	85	109	103	117	86	94	104	90	93	100	99	97
Gene_298	101	84	105	129	109	99	91	111	106	94	89	114	100	77	111	106	90	104	98	93	86	106	104	98	108	121	124	100	88	116	105	94	102	95	102	97	98	88	87	91	111	126	104	111	106	84	123	83	101	89
Gene_299	84	101	105	110	93	105	102	95	100	104	94	94	98	115	103	109	102	131	98	107	108	109	101	87	99	100	107	98	126	99	109	82	101	105	98	111	94	107	89	84	93	104	106	104	107	105	102	110	88	111
Gene_300	116	100	103	105	97	82	88	97	107	91	90	88	94	116	87	89	104	131	89	108	93	85	97	98	103	98	116	108	117	89	101	98	95	92	110	93	112	90	81	88	106	108	93	94	107	121	99	102	101	77
Gene_301	95	90	101	86	118	100	111	106	103	98	125	107	112	94	110	112	109	100	110	90	107	103	104	100	100	102	95	88	126	95	96	104	90	113	104	98	93	95	118	111	98	92	104	100	98	98	95	103	89	116
Gene_302	85	108	100	83	102	89	111	105	109	107	92	111	102	105	101	99	100	105	83	95	107	103	98	110	95	111	96	88	95	100	93	90	94	112	100	104	90	106	89	91	86	92	93	87	96	93	91	109	97	100
Gene_303	99	92	115	106	104	107	91	97	98	105	123	107	96	94	105	90	105	117	105	97	94	115	95	101	116	95	116	86	92	101	102	88	122	114	96	96	99	90	96	83	105	81	96	101	87	99	119	98	95	97
Gene_304	101	90	94	112	97	104	94	113	104	100	117	109	102	96	90	111	104	100	99	103	100	101	108	110	90	94	99	104	108	114	102	98	120	95	120	108	106	105	86	107	86	76	107	104	94	98	103	90	113	100
Gene_305	91	96	96	97	103	86	87	114	108	112	111	97	111	108	99	102	109	103	97	85	80	110	97	118	105	100	87	103	104	99	88	97	92	114	111	108	101	90	107	113	90	93	121	122	89	92	90	107	98	108
Gene_306	97	115	86	90	112	91	91	87	106	97	95	115	90	117	89	92	107	88	107	93	100	106	86	106	98	96	115	103	99	105	76	98	102	86	92	123	103	108	103	102	94	92	94	75	108	98	104	95	97	95
Gene_307	101	96	85	114	97	97	100	98	116	104	102	99	103	103	108	103	104	96	100	96	116	75	94	88	99	97	105	104	85	89	106	108	105	89	112	94	86	106	103	89	112	102	85	91	111	101	91	103	90	100
Gene_308	97	92	101	107	95	101	112	111	108	106	104	102	96	114	104	118	116	95	94	83	104	99	104	97	109	112	120	101	91	89	104	102	99	98	115	98	112	90	104	95	92	106	91	104	91	91	87	101	89	104
Gene_309	100	90	104	76	85	103	98	91	85	102	89	113	105	107	93	99	93	98	98	100	104	116	92	94	96	101	89	84	73	113	96	100	103	93	104	107	97	108	82	109	101	89	103	95	112	81	94	104	98	105
Gene_310	102	101	100	99	104	96	106	96	102	90	103	87	82	87	103	104	103	96	105	102	92	111	108	106	95	95	107	109	86	87	90	87	91	106	111	101	127	101	99	113	110	117	93	87	86	107	91	94	110	93
Gene_311	104	102	106	92	113	93	112	111	96	100	120	92	118	116	81	101	96	87	100	103	97	102	123	105	92	105	91	96	95	98	84	107	85	120	96	89	104	95	80	99	93	90	100	120	94	118	104	93	91	111
Gene_312	101	113	103	105	111	81	104	115	117	100	97	103	94	91	102	114	101	102	85	108	94	107	99	93	95	94	103	106	83	109	99	117	97	78	101	88	92	91	109	121	89	82	95	103	98	105	112	97	101	90
Gene_313	102	93	115	81	99	92	100	105	98	107	113	97	121	88	86	116	95	107	77	99	107	104	94	113	117	124	108	90	97	98	96	86	108	92	100	88	102	100	95	104	91	107	91	113	83	101	97	117	111	97
Gene_314	123	99	116	86	89	92	111	108	94	112	121	104	109	104	98	77	94	102	92	109	110	94	93	96	91	104	101	96	85	100	95	87	92	112	96	98	98	110	95	98	103	109	95	89	98	108	119	91	84	114
Gene_315	100	92	102	96	97	99	107	108	104	101	99	90	101	94	84	107	114	93	99	89	93	88	96	88	116	94	104	106	102	112	106	92	121	91	87	100	75	95	104	101	101	93	93	103	90	103	106	97	91	101
Gene_316	86	104	93	111	107	93	111	98	98	106	99	95	91	88	106	91	88	99	75	116	107	92	95	100	95	101	118	99	106	117	87	94	107	109	84	109	102	90	99	98	92	88	102	92	97	98	87	103	108	100
Gene_317	96	99	124	99	96	108	78	101	92	79	95	91	94	104	87	78	107	92	85	88	91	96	110	86	105	101	70	101	104	82	105	101	105	90	92	98	102	110	100	107	84	121	113	98	92	122	102	93	104	103
Gene_318	98	107	91	117	79	102	108	91	106	107	92	90	96	91	104	97	118	104	102	107	107	88	118	110	100	103	106	97	85	91	100	94	100	101	92	90	98	100	84	88	112	99	93	96	110	82	94	102	96	122
Gene_319	93	89	101	105	113	98	95	110	88	91	98	101	90	103	110	87	115	100	102	100	99	89	104	116	97	111	101	84	107	97	101	96	92	107	102	82	91	81	92	113	99	99	94	104	88	110	93	91	84	89
Gene_320	99	102	112	95	112	116	107	93	108	92	90	112	95	93	99	87	94	110	99	94	116	103	100	108	100	104	94	104	99	111	83	100	78	110	120	115	107	92	113	104	99	113	116	100	111	98	94	109	100	87
Gene_321	107	113	110	100	113	89	79	96	95	98	104	107	97	101	75	105	102	117	102	104	109	90	96	100	94	90	100	90	101	89	111	100	113	99	111	99	99	112	98	93	98	105	89	91	94	101	94	97	105	96
Gene_322	97	87	96	77	98	107	97	97	97	94	88	107	99	98	115	90	81	98	121	83	102	93	93	105	111	94	110	100	88	104	103	95	99	111	95	116	96	98	111	97	94	89	89	92	79	116	104	106	97	107
Gene_323	85	80	102	89	107	77	93	87	97	104	107	94	97	93	102	103	126	120	95	90	89	86	110	90	103	95	100	96	94	95	119	98	120	111	115	124	96	113	120	103	100	102	84	94	106	101	94	111	111	99
Gene_324	117	102	113	101	102	93	92	96	103	107	80	98	105	104	94	110	100	94	96	80	111	87	105	111	85	83	100	96	98	104	90	119	103	99	95	86	108	73	89	106	90	98	80	123	99	84	97	91	102	112
Gene_325	90	109	97	117	85	106	88	102	70	104	98	88	100	90	85	110	113	103	98	96	105	103	106	94	92	104	116	91	91	85	103	99	103	105	94	108	98	106	97	101	99	117	96	93	82	123	87	98	87	102
Gene_326	105	89	76	99	90	98	90	88	113	106	103	99	104	96	104	100	112	108	106	108	113	93	89	93	96	97	90	95	110	87	101	95	102	91	93	98	85	117	104	104	91	101	112	99	106	108	111	93	104	97
Gene_327	98	106	99	90	97	99	99	101	102	107	96	112	97	113	99	110	100	103	114	102	117	104	92	108	92	95	93	107	94	84	101	102	95	104	86	109	97	105	110	111	104	110	101	82	95	112	107	117	102	111
Gene_328	92	99	90	111	104	107	81	112	94	97	102	90	105	98	96	88	90	104	85	96	95	94	100	96	107	109	97	99	101	94	107	116	99	88	98	109	108	118	85	114	110	96	77	85	97	88	87	98	90	93
Gene_329	103	101	121	114	104	99	97	93	99	111	96	120	86	110	82	94	97	108	108	103	92	84	106	111	101	113	87	110	98	94	105	91	95	108	82	93	123	95	97	102	93	82	87	108	109	91	101	100	118	90
Gene_330	109	107	85	102	87	113	94	81	100	107	91	90	114	112	106	97	81	94	101	121	102	98	94	93	90	112	95	100	95	92	95	98	104	97	95	85	85	96	104	102	95	87	97	103	100	89	102	93	91	114
Gene_331	96	118	76	94	100	96	108	100	108	106	111	95	91	92	99	118	118	102	91	94	106	97	104	106	99	86	91	87	107	109	90	95	97	117	93	83	96	99	93	110	82	95	104	107	106	105	93	102	105	120
Gene_332	99	107	109	97	94	103	86	123	119	112	108	102	92	96	106	101	94	92	90	89	116	97	92	87	96	78	91	102	122	112	89	88	93	99	88	93	83	119	114	106	108	74	110	99	112	110	80	100	101	110
Gene_333	107	94	123	90	97	104	103	114	89	98	121	107	92	95	104	98	114	105	87	94	85	102	104	121	107	90	112	98	93	125	92	110	105	101	115	102	112	95	92	94	94	87	81	107	96	99	104	99	124	98
Gene_334	116	97	105	99	101	105	102	87	99	101	102	87	100	97	100	83	118	93	108	102	122	121	100	93	91	92	93	114	105	111	93	110	99	93	109	98	99	89	88	97	111	92	118	98	98	104	106	105	91	92
Gene_335	98	86	112	119	99	99	94	110	83	99	86	111	106	110	104	96	110	80	86	102	103	110	114	100	99	84	83	106	107	96	97	109	101	106	101	115	83	112	105	111	113	97	114	107	90	88	97	89	97	103
Gene_336	112	103	107	109	92	101	83	86	104	97	108	113	98	90	80	100	104	98	104	95	108	105	106	113	92	127	101	98	113	87	112	75	106	121	118	102	105	108	91	104	94	96	113	92	97	95	115	97	95	91
Gene_337	87	95	89	82	106	94	90	110	122	99	92	83	105	101	92	89	104	96	117	84	92	96	114	103	101	94	114	94	112	108	102	92	92	101	94	96	93	118	102	98	101	115	113	90	87	101	101	117	113	94
Gene_338	106	116	100	100	113	96	95	117	89	101	85	98	90	97	103	85	110	103	125	88	83	94	104	82	110	110	87	119	109	101	84	87	93	94	106	112	99	97	95	109	96	94	88	100	92	113	105	100	101	99
Gene_339	103	88	111	87	101	105	82	89	100	94	96	109	99	103	101	107	100	111	89	80	111	96	108	99	93	80	102	107	78	97	106	102	102	86	112	115	116	95	97	115	110	104	93	94	128	123	95	94	91	102
Gene_340	105	107	105	94	87	87	102	119	100	93	81	87	96	103	96	95	104	92	90	105	112	96	95	101	107	91	86	92	101	113	97	101	109	113	88	101	94	94	99	92	94	121	101	87	90	102	96	98	115	98
Gene_341	119	98	84	98	89	121	89	100	116	88	110	107	106	102	110	107	91	98	89	117	96	100	88	137	94	97	115	105	83	82	88	107	108	100	109	105	89	102	104	98	93	97	114	111	117	95	98	113	90	104
Gene_342	105	107	79	79	110	103	94	110	102	107	84	101	109	96	118	95	100	94	107	99	80	89	106	92	93	102	110	101	95	86	97	101	99	93	108	100	95	82	107	87	104	101	102	124	91	99	111	103	100	101
Gene_343	111	113	116	104	106	98	100	103	100	95	106	95	101	107	100	105	91	90	93	96	105	100	103	92	106	111	102	88	110	122	106	91	97	106	108	81	105	99	109	93	98	93	107	95	89	94	96	105	108	92
Gene_344	88	90	94	103	76	115	102	100	89	91	86	96	103	117	106	112	97	123	113	104	113	91	73	100	92	104	98	105	112	87	84	91	98	93	114	93	113	87	102	96	104	100	97	101	98	104	113	89	94	103
Gene_345	96	112	109	106	101	90	92	118	96	95	106	101	115	124	94	94	101	107	99	105	116	98	102	100	97	97	100	108	106	91	101	121	95	97	89	102	93	99	97	114	104	103	90	110	93	109	96	112	94	94
Gene_346	117	121	93	93	106	103	97	115	88	90	77	83	87	108	94	114	89	96	112	109	95	92	115	113	95	96	95	97	117	117	104	104	95	96	102	91	97	109	101	113	95	106	74	116	89	110	91	104	97	126
Gene_347	101	107	87	100	107	105	95	110	118	83	96	99	98	109	108	109	87	99	103	97	102	106	89	103	88	98	82	106	119	100	95	96	86	100	99	100	111	89	95	100	84	110	113	90	102	108	94	122	91	112
Gene_348	93	90	79	101	93	100	93	126	92	86	85	112	107	103	97	107	83	92	98	105	107	103	103	108	94	103	103	102	114	104	111	98	85	92	110	95	128	115	106	111	114	103	102	109	111	122	100	97	97	80
Gene_349	97	96	97	119	113	103	70	100	115	103	96	112	110	95	111	103	97	113	119	108	93	97	98	103	83	107	84	114	97	104	91	95	94	92	107	110	118	94	85	125	107	107	95	99	103	92	99	105	86	97
Gene_350	102	105	109	99	117	92	104	90	98	103	100	109	116	98	108	99	88	94	118	101	95	87	110	101	85	107	106	85	91	110	93	82	112	98	99	97	114	103	99	115	93	93	89	112	96	96	110	96	103	105
Gene_351	102	93	121	89	107	101	100	97	98	107	92	92	102	97	104	95	108	105	107	104	102	106	86	94	90	90	100	102	109	91	104	92	119	123	104	110	98	98	97	114	100	94	94	115	101	83	78	102	115	114
Gene_352	94	90	102	93	106	112	93	95	98	95	106	103	103	106	92	100	104	96	103	114	96	84	92	106	97	115	99	93	94	88	98	98	93	95	114	101	94	98	100	107	106	125	102	98	104	116	99	118	104	104
Gene_353	96	111	98	97	99	119	99	104	96	89	96	101	97	94	113	98	99	82	112	90	104	104	87	118	91	107	91	87	109	96	97	95	113	94	105	90	109	116	109	103	88	101	126	117	114	119	105	99	111	118
Gene_354	84	97	93	117	102	119	103	103	103	102	93	94	86	104	102	97	93	96	94	84	98	99	79	121	105	110	95	81	100	89	105	115	107	88	75	122	96	101	105	95	92	93	92	97	109	85	97	82	85	83
Gene_355	108	97	103	108	115	111	104	109	98	123	109	114	96	80	116	89	94	108	95	109	87	91	85	117	105	93	94	92	96	79	114	110	98	107	119	98	109	113	95	107	94	102	95	99	96	107	104	85	121	98
Gene_356	94	96	97	104	89	93	118	82	82	93	104	114	93	98	109	94	89	101	97	97	84	88	118	115	96	102	99	96	99	128	109	90	99	112	112	100	82	95	97	125	92	91	98	100	87	101	88	90	90	122
Gene_357	98	107	81	92	112	103	95	97	102	104	103	96	88	95	98	94	111	86	87	99	97	107	101	92	98	108	103	97	103	116	107	100	112	101	76	112	112	98	96	104	108	98	93	108	90	85	106	97	88	118
Gene_358	94	100	101	96	94	105	118	98	96	106	106	108	117	94	97	105	88	77	89	93	116	84	90	102	109	102	78	114	98	114	118	97	107	107	91	103	109	103	107	104	122	84	97	88	94	92	100	80	93	101
Gene_359	95	105	87	94	105	95	91	114	121	100	81	92	114	97	101	99	92	114	106	110	102	112	80	89	78	101	83	106	100	89	98	89	88	87	98	94	97	105	94	113	104	98	107	112	108	92	98	94	106	97
Gene_360	99	99	87	107	96	115	92	125	89	108	104	91	104	104	103	94	101	112	105	111	95	104	93	107	90	91	111	106	114	102	95	84	98	87	92	104	109	90	98	92	97	88	114	106	72	133	106	101	88	91
Gene_361	98	99	111	104	106	111	107	111	116	108	90	91	94	96	122	88	78	100	108	95	98	101	121	105	99	108	111	84	96	121	103	87	93	89	85	111	104	81	103	103	102	98	95	115	107	94	87	90	96	96
Gene_362	95	83	95	101	96	99	95	110	83	108	94	104	99	90	112	96	100	97	116	97	118	97	110	91	110	100	101	98	95	103	104	104	95	110	103	88	88	93	84	95	102	97	94	90	112	107	95	99	101	104
Gene_363	107	100	96	82	87	103	97	114	104	100	107	103	111	98	100	111	91	84	109	83	96	99	106	113	93	86	85	96	93	95	91	96	104	114	105	96	95	111	93	75	93	119	97	113	109	115	99	105	109	85
Gene_364	82	101	119	95	109	94	80	96	132	95	87	102	84	97	112	100	91	104	105	94	94	87	106	101	112	104	105	94	91	101	102	102	105	108	104	116	94	102	103	112	100	111	98	84	95	103	112	108	96	103
Gene_365	86	104	92	99	102	115	97	102	108	110	118	106	117	113	91	105	98	90	94	102	96	96	109	89	98	97	99	93	107	80	97	101	97	92	102	94	91	102	93	115	91	101	103	112	86	99	96	119	105	93
Gene_366	100	94	116	115	92	97	111	96	109	113	99	95	104	106	93	102	104	95	81	84	101	90	104	101	82	97	112	88	81	107	101	99	108	104	89	103	98	89	120	76	104	115	89	81	104	93	97	94	98	112
Gene_367	85	93	92	104	87	110	96	108	75	114	105	98	111	99	100	99	103	98	110	100	105	125	92	95	91	98	103	93	114	102	101	99	89	94	98	120	100	87	98	87	93	86	114	99	103	109	102	110	84	98
Gene_368	98	96	105	92	81	111	96	97	98	108	100	93	116	115	106	102	108	96	91	119	96	102	110	108	110	104	105	97	108	99	103	98	97	113	108	102	90	111	103	109	94	112	84	114	100	104	93	98	86	102
Gene_369	107	112	97	92	75	81	99	90	107	104	101	103	90	98	109	99	82	101	86	87	87	117	105	105	97	102	84	109	112	86	89	102	116	85	104	127	101	97	97	105	93	115	89	110	93	104	110	93	95	99
Gene_370	89	75	104	106	92	94	88	109	113	95	90	106	110	106	101	112	101	91	104	96	94	104	91	111	100	101	96	83	109	92	101	89	88	95	120	74	95	116	85	96	100	101	110	105	96	94	98	102	113	108
Gene_371	120	110	114	96	82	106	94	88	116	109	109	91	84	91	98	94	83	80	118	105	96	108	101	97	87	100	90	106	94	101	92	98	103	110	105	104	99	114	102	104	78	97	83	116	101	90	74	96	104	112
Gene_372	112	119	102	123	107	97	77	102	98	100	108	109	87	108	99	104	87	97	108	94	97	93	97	114	92	115	122	103	80	105	83	114	93	83	88	110	112	102	100	91	82	93	117	101	106	87	101	96	102	95
Gene_373	99	100	93	97	100	92	105	98	98	109	102	103	101	90	100	103	99	82	104	103	115	95	100	90	91	110	103	103	95	93	94	107	106	82	107	90	89	86	89	106	106	84	98	87	101	119	103	95	106	128
Gene_374	98	81	96	98	91	97	99	112	108	108	118	107	109	109	91	110	92	96	101	100	103	101	114	107	95	106	115	92	93	103	105	91	101	100	94	98	108	97	104	105	108	97	99	104	92	101	102	91	92	85
Gene_375	84	114	94	98	95	103	112	110	106	90	100	88	86	93	100	95	110	115	104	86	112	89	91	86	111	106	90	93	95	96	98	96	90	83	97	91	98	109	105	123	101	106	104	90	110	93	97	107	88	98
Gene_376	113	107	110	98	105	102	95	102	113	116	112	99	114	88	91	108	118	84	101	110	115	92	97	84	97	96	114	101	82	88	108	86	92	112	123	79	90	118	91	97	99	126	105	114	105	94	107	96	97	106
Gene_377	97	105	100	108	103	89	100	112	101	103	93	96	108	111	102	100	93	115	83	101	102	101	89	119	99	92	100	86	89	95	87	94	96	114	98	102	111	108	91	108	102	104	114	95	94	113	103	89	95	86
Gene_378	83	99	121	88	113	92	111	88	105	105	121	107	84	103	113	99	94	110	107	96	80	122	110	106	98	80	109	81	109	88	90	101	99	118	90	108	98	102	100	106	89	98	93	108	108	98	99	104	98	104
Gene_379	84	108	95	105	76	94	103	82	106	94	88	121	106	78	97	97	97	88	85	103	95	106	109	83	104	106	106	98	83	111	88	118	110	87	95	110	98	106	87	100	93	114	88	117	100	100	95	102	95	102
Gene_380	101	101	98	94	90	113	100	75	90	102	115	85	106	101	94	124	98	95	95	86	93	103	85	102	92	113	94	111	95	104	93	109	95	85	90	97	105	107	101	94	78	100	119	103	106	101	101	95	86	95
Gene_381	108	101	105	98	102	96	97	108	111	93	103	95	87	89	106	83	107	111	93	90	109	104	106	101	97	88	117	103	96	94	100	96	78	100	95	80	105	95	91	92	89	85	112	109	96	119	111	119	95	85
Gene_382	115	94	86	110	86	74	101	113	101	113	108	96	107	110	102	86	101	99	104	123	120	82	106	89	91	95	101	102	105	108	90	96	96	101	104	115	105	115	83	99	99	96	106	89	101	97	113	97	99	91
Gene_383	90	109	89	94	110	103	86	103	90	88	111	92	106	87	103	95	93	98	104	114	96	97	95	102	86	94	84	103	98	106	94	90	99	89	100	106	94	103	104	99	106	105	96	92	97	92	121	88	87	86
Gene_384	105	100	110	109	108	120	95	100	108	105	97	97	95	94	83	96	104	109	101	112	98	95	87	105	108	106	100	80	77	106	95	110	118	110	95	89	96	94	112	100	98	106	101	111	115	108	108	108	107	80
Gene_385	96	96	99	95	115	84	114	102	94	102	99	98	88	100	105	97	99	100	89	96	82	107	96	101	117	96	110	94	101	97	97	98	95	92	91	100	104	101	101	103	89	97	113	94	126	108	80	111	79	94
Gene_386	89	102	117	86	107	98	90	97	103	114	95	88	94	108	96	95	111	100	104	111	86	103	102	103	95	95	95	121	112	95	112	113	103	100	107	94	102	98	87	109	103	101	112	108	98	92	98	102	98	93
Gene_387	117	100	110	106	90	108	95	89	97	93	103	97	107	87	101	121	99	110	93	91	105	94	97	88	102	106	94	102	104	97	91	116	101	72	102	99	99	107	96	108	94	102	114	101	110	99	104	76	96	101
Gene_388	104	98	92	93	103	108	95	106	100	97	106	88	86	108	96	89	121	91	102	93	114	100	86	90	113	98	108	101	101	97	99	96	101	100	101	103	88	85	103	99	99	116	91	85	105	84	100	86	102	91
Gene_389	91	96	110	107	104	96	92	102	100	110	96	120	98	79	105	110	88	104	104	102	97	99	85	109	94	112	105	105	96	111	99	79	94	109	93	82	98	99	106	113	93	92	91	103	88	77	92	100	109	86
Gene_390	82	101	105	91	90	93	83	114	96	87	95	92	102	93	98	100	103	110	100	99	83	105	105	111	113	78	104	104	100	92	95	106	100	99	85	99	106	122	128	107	102	86	96	121	114	93	97	107	111	111
Gene_391	90	93	117	107	99	104	100	113	89	103	108	104	90	95	112	92	80	103	91	87	93	107	92	90	104	101	114	96	100	99	96	110	108	89	103	92	97	107	90	93	92	110	112	113	92	115	89	113	112	102
Gene_392	122	78	99	102	105	94	91	101	85	96	103	113	100	95	97	116	110	92	98	94	88	110	100	100	115	94	90	96	97	83	106	106	117	119	103	92	97	108	107	83	94	105	92	95	114	85	93	108	86	98
Gene_393	106	91	101	110	94	88	106	74	87	81	104	105	115	97	88	105	104	96	100	114	87	115	99	97	94	90	93	87	100	110	84	87	99	94	77	104	106	119	99	97	126	107	93	120	117	82	98	113	92	112
Gene_394	99	103	96	104	99	117	108	99	99	97	93	111	104	99	118	98	110	86	106	101	89	97	94	102	106	106	94	84	100	105	106	110	108	92	111	92	105	96	118	98	113	116	96	125	130	106	112	98	105	98
Gene_395	82	92	105	95	102	99	116	121	116	91	94	87	91	90	94	82	104	90	97	95	120	91	109	93	112	127	103	95	87	107	94	111	104	94	104	97	98	111	90	108	115	100	89	111	94	115	79	98	94	106
Gene_396	107	97	105	101	91	98	96	93	91	98	94	110	95	100	106	97	113	104	88	118	103	76	90	126	88	90	120	88	108	101	107	115	114	104	104	93	96	89	83	106	91	102	116	93	103	90	96	101	102	102
Gene_397	102	98	86	95	89	97	93	114	94	123	97	101	96	105	104	109	126	99	91	97	96	114	92	115	97	87	109	89	99	83	89	91	87	91	94	95	102	103	104	80	99	98	109	100	88	103	98	92	96	97
Gene_398	93	87	111	101	107	91	109	91	114	99	91	97	93	98	101	101	111	102	107	99	96	93	109	112	114	97	98	98	108	81	112	80	99	101	107	99	117	90	104	99	101	103	94	89	78	123	99	104	100	85
Gene_399	87	112	99	105	106	114	108	108	97	109	103	113	93	87	89	98	94	111	101	100	93	97	99	98	90	81	92	90	107	103	91	93	98	104	88	112	78	82	95	98	114	88	93	87	111	121	93	91	102	108
Gene_400	90	113	116	90	101	91	113	90	94	95	114	113	94	98	90	98	126	85	116	101	92	94	78	83	114	104	116	114	87	87	95	99	93	107	120	83	107	101	107	104	101	91	101	113	93	85	84	118	95	106
Gene_401	115	92	85	92	105	111	102	118	99	108	115	97	117	109	113	89	105	89	105	105	101	104	97	92	115	98	102	94	112	96	87	107	103	90	112	108	114	103	98	98	113	101	113	106	95	102	95	103	110	108
Gene_402	116	103	89	103	97	77	97	103	92	106	105	109	90	101	81	106	109	114	116	111	104	117	119	111	110	104	95	94	131	100	88	101	112	88	83	103	105	110	109	84	94	89	90	90	89	92	90	94	96	101
Gene_403	85	106	100	99	87	103	113	118	100	89	95	83	76	111	120	103	96	111	97	122	93	108	103	88	87	101	105	88	85	85	82	90	100	121	96	103	97	94	106	122	99	103	107	108	99	104	96	101	99	97
Gene_404	109	91	86	104	99	116	106	113	85	94	89	100	94	98	114	111	102	102	102	101	101	94	125	110	85	113	93	85	117	112	121	116	115	101	89	92	97	107	107	105	111	105	102	111	86	93	135	85	96	101
Gene_405	98	100	102	81	107	103	93	94	101	102	94	97	104	129	108	97	109	108	99	87	102	100	99	100	105	102	105	109	91	115	99	102	92	104	102	108	97	101	98	85	90	106	86	112	97	95	90	100	108	83
Gene_406	84	113	93	102	97	92	108	89	100	93	97	103	93	78	120	96	123	90	96	106	100	82	82	83	98	101	89	96	105	108	112	134	98	102	122	92	98	107	83	107	103	90	108	96	97	102	92	115	103	104
Gene_407	77	110	90	105	100	94	102	104	95	115	118	105	110	99	108	90	85	87	111	103	93	98	102	101	89	100	106	119	112	96	99	101	111	85	99	107	91	104	96	88	116	118	77	92	95	84	97	93	89	113
Gene_408	103	99	106	95	120	98	101	92	105	89	98	97	106	90	104	102	91	93	95	94	119	106	100	96	101	92	114	110	96	105	100	88	97	108	116	109	86	99	84	91	90	95	110	100	114	106	107	106	94	91
Gene_409	98	92	98	93	105	104	106	99	109	100	108	114	92	107	84	98	118	113	85	110	95	85	96	97	98	119	106	107	106	92	98	109	80	99	103	123	103	84	111	100	94	98	92	118	84	96	96	99	107	101
Gene_410	99	105	82	81	119	111	102	114	96	108	109	109	102	91	93	106	97	98	96	97	105	94	101	97	102	112	105	96	97	104	113	95	87	107	99	101	105	94	111	94	103	84	111	112	105	96	117	85	104	86
Gene_411	89	98	123	95	103	92	95	118	91	100	95	92	120	90	109	107	92	100	109	88	103	102	99	92	107	84	102	98	94	104	106	83	90	101	88	103	113	95	80	118	99	87	99	113	107	92	99	106	101	106
Gene_412	119	90	122	108	90	115	80	99	110	99	118	77	83	99	121	108	81	90	103	80	91	97	122	104	107	106	96	95	119	91	116	95	97	91	101	108	84	118	114	111	93	103	101	108	102	82	108	84	104	89
Gene_413	87	94	94	91	110	98	112	104	98	90	93	99	112	119	105	118	117	105	93	122	106	95	96	94	94	101	100	98	107	101	97	99	92	101	89	103	89	101	71	95	107	97	95	100	96	106	113	100	83	88
Gene_414	83	110	99	117	98	92	107	107	105	106	96	119	97	113	93	117	113	94	99	96	118	103	108	102	99	80	93	81	101	82	104	87	96	90	101	95	99	91	97	104	100	104	93	105	103	105	103	107	101	86
Gene_415	89	112	99	101	84	104	89	107	104	105	86	96	106	98	109	91	121	91	110	97	97	107	89	100	100	101	117	89	120	86	93	101	86	106	98	100	94	109	97	100	110	94	97	92	113	97	100	91	91	104
Gene_416	92	96	93	103	92	98	96	88	107	90	109	94	103	78	95	103	93	123	113	116	114	110	98	88	99	120	88	98	105	126	94	109	94	90	113	100	74	98	114	109	110	98	86	103	112	103	102	84	97	87
Gene_417	95	104	111	87	110	81	88	92	105	93	99	112	89	98	90	99	112	100	113	101	103	98	90	111	100	101	102	116	87	108	109	99	89	84	104	101	114	109	90	77	106	85	101	96	104	87	92	101	104	94
Gene_418	99	122	109	112	98	96	99	105	105	111	110	104	121	98	109	104	118	89	103	115	93	102	110	92	98	96	114	101	107	86	98	91	114	99	104	92	96	108	90	85	101	104	85	104	99	104	97	94	89	87
Gene_419	123	98	101	91	115	105	112	103	98	103	100	106	109	93	94	100	105	88	99	100	107	91	95	108	92	116	96	100	109	88	115	88	84	96	93	101	108	85	121	128	96	94	73	86	97	110	94	105	87	85
Gene_420	92	99	102	87	113	106	103	97	91	104	106	82	107	102	111	95	94	92	118	102	118	83	104	114	104	85	111	95	101	100	107	99	103	89	90	93	97	107	105	107	107	102	96	100	104	92	108	118	94	82
Gene_421	105	100	131	95	117	100	94	108	82	108	104	90	90	110	98	100	88	91	103	103	101	112	98	98	98	96	95	85	124	105	96	95	107	108	109	95	89	108	95	99	98	92	119	113	94	100	93	91	108	112
Gene_422	89	94	105	117	93	106	86	90	113	95	78	128	89	95	115	126	97	84	101	115	100	100	101	115	113	100	94	94	101	108	98	114	100	110	106	116	110	92	114	99	100	95	94	89	105	98	107	103	98	106
Gene_423	81	92	108	104	105	102	108	104	98	101	107	108	98	103	108	73	108	103	91	96	88	113	102	93	92	94	98	93	108	108	93	97	97	96	97	97	83	103	106	116	106	113	91	99	106	101	101	99	102	106
Gene_424	104	95	96	104	93	95	90	118	94	93	100	104	87	95	98	94	109	98	107	107	95	114	95	92	115	99	88	115	85	113	99	101	108	85	90	91	97	102	106	97	111	86	94	95	105	105	117	109	112	101
Gene_425	105	113	117	102	112	117	96	83	109	87	91	111	90	125	101	94	104	120	101	100	103	112	108	109	86	88	94	92	86	97	103	93	103	86	101	100	102	101	92	99	93	108	106	89	99	95	74	124	118	85
Gene_426	80	110	98	99	93	106	83	104	86	96	102	103	97	104	116	83	101	120	81	92	98	99	102	82	95	99	93	106	109	98	101	104	107	99	125	88	104	101	101	91	89	94	104	115	83	104	81	114	94	108
Gene_427	98	107	106	99	80	100	83	98	109	83	103	86	117	96	99	107	97	93	105	97	101	98	109	101	104	93	94	88	106	109	104	119	102	92	88	107	100	87	100	86	127	100	101	107	96	94	108	106	107	99
Gene_428	124	97	106	99	85	96	89	114	86	103	89	95	100	105	94	116	100	92	99	94	107	109	102	112	102	94	101	99	103	119	85	111	102	117	107	102	82	86	111	95	97	104	99	100	104	107	103	86	115	114
Gene_429	92	98	98	122	113	91	105	110	93	82	101	91	98	82	81	93	110	89	94	87	126	97	88	94	121	108	97	91	94	109	88	126	112	114	104	90	103	99	99	85	109	96	94	88	81	101	90	102	115	102
Gene_430	101	112	113	97	86	91	92	93	93	117	112	99	97	96	111	92	101	119	108	112	99	98	102	96	122	116	106	106	100	100	110	99	100	86	102	96	96	83	103	103	112	97	100	108	107	92	120	115	104	96
Gene_431	92	110	93	106	111	104	114	101	92	95	112	111	88	107	115	96	89	109	100	92	88	98	100	77	99	103	118	100	97	115	91	102	105	85	94	92	96	96	98	115	110	106	88	100	104	98	104	111	120	100
Gene_432	102	92	92	106	91	87	95	110	107	107	97	97	84	74	99	120	88	83	108	104	101	106	93	113	105	116	94	98	106	91	89	86	94	79	103	93	103	96	88	86	96	96	114	105	81	108	107	106	117	115
Gene_433	102	102	85	107	90	99	93	98	83	80	93	102	94	104	99	116	116	91	98	101	96	95	86	97	101	104	93	92	98	92	105	85	94	92	94	97	110	97	100	112	101	86	89	90	113	93	98	91	99	97
Gene_434	101	96	92	99	108	97	84	98	115	114	85	93	93	86	101	103	104	102	90	98	106	96	97	119	105	96	92	104	93	87	99	89	84	106	94	93	88	112	98	81	103	100	125	111	114	99	109	100	111	95
Gene_435	92	84	115	90	87	118	81	116	102	98	98	119	134	104	91	105	94	89	108	96	82	88	110	85	103	107	112	81	102	100	80	102	106	85	105	99	82	100	99	111	107	79	114	89	94	107	107	93	97	106
Gene_436	94	95	97	101	112	100	79	120	102	93	93	91	96	97	106	107	94	113	86	107	98	96	97	94	76	104	102	109	115	88	103	87	89	93	112	98	120	97	108	102	102	91	107	103	101	103	100	92	115	119
Gene_437	110	98	91	117	91	103	81	118	108	95	105	98	98	106	92	98	99	107	115	101	97	100	103	98	103	97	119	104	108	83	104	82	104	101	94	98	99	89	107	95	104	95	88	101	102	109	104	110	90	104
Gene_438	103	107	105	84	116	93	97	90	94	85	89	93	95	98	101	89	87	94	95	81	90	108	99	96	105	114	92	108	113	117	96	118	103	109	112	107	91	91	99	109	105	108	102	108	102	102	86	100	97	115
Gene_439	92	82	108	114	103	133	106	100	110	110	105	91	108	89	100	111	104	110	92	108	98	90	75	111	82	99	90	96	100	101	96	94	100	114	102	101	89	102	99	107	106	106	100	108	95	92	107	114	94	89
Gene_440	105	90	82	88	94	101	104	90	91	103	95	92	104	94	111	91	86	97	103	86	97	104	86	114	103	103	91	100	94	94	117	104	94	99	88	89	109	104	96	95	122	115	101	91	101	98	81	104	96	107
Gene_441	97	85	106	93	98	107	97	96	79	101	94	92	89	113	119	95	100	92	102	102	94	96	96	82	110	97	99	98	102	117	104	85	103	87	103	104	94	98	86	107	96	91	100	85	119	93	114	94	91	97
Gene_442	89	102	93	96	103	97	106	85	115	107	100	103	99	93	106	112	97	97	101	86	91	113	99	98	99	105	105	99	95	96	79	109	96	120	114	118	101	90	120	96	105	108	110	94	101	101	107	118	95	102
Gene_443	91	96	108	90	89	97	104	105	88	103	105	108	111	101	108	114	87	101	93	111	118	110	98	105	103	120	102	98	105	94	102	96	111	109	97	102	100	95	112	103	104	82	94	111	104	104	97	99	102	98
Gene_444	95	102	98	107	103	95	93	109	97	101	100	94	104	94	107	93	100	113	87	104	76	91	98	115	92	94	86	98	92	97	99	116	96	95	88	105	110	116	97	93	101	90	104	77	104	94	105	96	88	102
Gene_445	103	85	107	107	89	87	103	106	95	101	89	84	86	82	100	107	86	114	97	96	91	96	99	114	114	100	117	104	98	109	86	107	90	95	78	102	98	89	98	97	88	87	107	110	96	95	131	109	106	111
Gene_446	105	105	84	108	123	93	108	132	106	110	101	106	89	96	100	111	105	99	89	112	86	115	94	102	89	98	94	104	82	113	90	106	108	100	111	100	104	105	103	113	97	124	97	100	96	92	83	102	107	89
Gene_447	116	91	101	105	90	96	111	98	109	87	82	92	86	107	90	93	99	111	94	94	99	106	89	100	91	109	111	117	94	101	93	112	80	97	105	100	93	110	105	104	104	102	103	92	82	108	94	85	110	96
Gene_448	116	101	108	94	98	97	107	98	97	98	98	100	91	91	100	99	109	95	103	108	98	107	96	103	84	103	79	111	114	91	92	102	98	101	103	105	100	108	100	100	96	92	97	79	93	86	95	101	95	99
Gene_449	110	111	100	101	90	97	99	105	100	95	105	84	86	110	95	93	104	93	108	90	109	110	99	82	96	100	109	102	112	96	101	106	99	92	96	94	91	96	102	101	111	77	110	97	120	94	92	97	112	120
Gene_450	101	93	104	94	119	94	109	96	100	110	105	104	115	94	96	105	98	125	97	90	111	79	125	119	92	85	102	100	108	108	94	107	98	104	102	106	109	92	122	90	84	103	91	85	122	100	118	98	93	94
Gene_451	89	97	103	96	105	110	97	93	109	92	108	90	87	109	85	105	78	104	93	99	89	97	100	106	103	94	106	101	104	96	97	106	108	108	115	78	91	115	86	102	99	109	87	109	104	111	85	94	98	99
Gene_452	103	88	85	100	102	94	105	93	116	107	89	108	115	107	116	109	80	82	98	102	90	103	114	108	111	124	104	96	117	105	91	100	93	101	97	118	90	99	105	106	95	90	95	95	87	111	99	107	92	96
Gene_453	87	111	110	81	113	99	103	72	99	91	103	95	112	83	118	87	101	89	95	116	97	91	73	109	110	104	107	93	95	108	94	96	87	98	91	100	88	114	113	111	96	115	117	99	114	122	89	108	86	93
Gene_454	93	103	111	91	83	98	98	91	102	105	104	93	86	104	121	122	90	104	107	96	105	99	93	103	110	105	109	110	105	94	112	95	99	98	103	102	105	107	106	113	86	103	85	106	112	103	99	97	101	98
Gene_455	90	100	80	107	118	104	101	91	111	107	99	91	107	87	99	92	95	104	97	103	103	106	111	104	94	88	117	103	97	100	105	98	108	103	100	106	86	103	98	103	94	101	97	105	100	98	101	108	109	92
Gene_456	102	103	98	122	94	121	107	101	88	105	93	112	104	111	89	110	106	101	119	92	97	97	94	114	114	97	106	82	91	85	96	106	103	99	99	103	115	102	90	116	96	95	106	104	100	100	102	104	88	92
Gene_457	96	94	103	101	105	107	77	96	96	81	68	92	82	103	100	94	98	107	110	103	118	92	91	93	95	95	104	77	103	101	101	101	96	113	98	95	97	99	97	93	101	105	90	92	93	101	103	103	96	103
Gene_458	92	100	101	90	100	89	103	90	88	93	90	99	105	120	100	102	97	133	88	115	101	106	93	100	110	87	99	120	90	110	110	100	120	105	87	103	101	84	118	112	116	108	104	130	77	128	105	122	102	94
Gene_459	103	91	99	93	113	115	99	111	112	90	95	94	123	96	109	119	91	101	90	97	107	100	88	107	88	112	88	108	126	100	126	108	85	99	109	92	112	99	95	110	108	107	95	94	98	103	97	101	101	109
Gene_460	103	94	96	117	111	110	128	94	91	106	101	96	101	119	107	76	97	90	95	84	97	84	86	89	92	99	116	79	130	103	93	105	98	102	93	103	105	111	104	88	79	90	106	125	82	81	106	114	104	89
Gene_461	109	115	105	109	104	106	87	92	92	104	109	97	103	109	92	123	94	89	90	98	111	99	114	99	90	79	92	106	92	97	96	113	113	101	105	89	101	105	102	118	99	116	105	106	75	96	92	87	123	86
Gene_462	113	103	116	96	100	123	108	106	108	82	99	106	95	107	103	97	102	104	106	96	100	98	102	96	99	89	109	98	101	97	99	97	103	104	67	107	116	109	97	92	109	102	101	108	107	104	98	93	93	70
Gene_463	111	99	105	89	108	96	119	84	107	98	107	97	111	82	104	96	106	84	111	112	93	82	101	100	112	108	104	111	93	103	105	97	117	89	88	101	95	101	92	99	94	101	100	105	94	93	84	112	101	81
Gene_464	97	106	104	110	97	99	111	109	106	94	92	98	89	88	96	93	114	100	110	93	107	107	97	97	99	94	83	106	114	103	108	103	97	93	118	101	85	91	106	96	107	106	98	96	111	118	100	119	119	93
Gene_465	98	99	93	107	96	109	90	105	109	107	100	112	86	105	99	98	90	110	82	91	86	82	96	99	87	101	109	99	97	100	93	93	104	90	112	111	104	95	101	102	101	90	105	108	92	107	118	118	107	108
Gene_466	101	87	109	96	101	94	120	109	109	94	108	98	92	109	112	90	92	108	122	113	98	96	99	96	100	96	119	97	98	95	99	100	101	93	96	94	109	83	95	98	85	103	95	104	116	99	73	107	79	93
Gene_467	103	97	98	85	103	96	100	109	110	112	85	84	107	102	106	98	92	105	94	99	109	100	112	103	116	100	116	108	96	94	109	99	78	102	107	103	90	88	105	95	81	83	88	102	100	125	106	105	97	115
Gene_468	108	110	96	95	105	106	106	96	102	89	107	98	106	105	97	84	111	94	91	119	101	98	106	80	112	95	106	105	105	95	117	97	98	93	84	116	114	103	91	92	112	98	101	89	117	85	96	85	108	111
Gene_469	105	104	97	105	85	99	84	88	92	94	85	105	111	99	90	119	109	88	110	91	107	102	93	101	106	99	109	94	94	106	88	90	106	87	95	94	100	113	102	104	106	108	97	87	108	97	107	100	101	105
Gene_470	98	109	82	100	111	100	90	89	105	94	93	84	107	104	87	90	111	101	111	114	127	111	107	93	107	82	103	105	119	87	90	98	87	105	112	111	90	100	104	89	104	111	104	107	118	102	99	102	107	94
Gene_471	92	85	94	108	102	79	109	110	106	124	94	98	93	108	94	106	81	104	94	90	99	94	96	81	92	119	89	98	98	113	112	78	103	103	108	107	109	123	111	104	97	92	104	89	109	112	109	105	106	80
Gene_472	101	89	97	93	109	116	88	99	102	114	106	123	93	79	100	100	100	92	77	101	109	105	89	101	115	119	93	113	85	100	97	109	94	103	91	106	102	91	117	85	86	89	114	76	90	99	112	97	115	103
Gene_473	93	91	113	104	94	112	99	111	99	94	106	102	117	95	119	105	109	89	103	99	94	103	113	89	103	104	90	112	109	113	92	106	94	110	104	86	102	94	114	91	104	106	107	113	99	104	116	103	113	92
Gene_474	104	108	106	97	107	95	93	108	99	95	94	92	92	99	105	92	89	93	79	96	95	127	118	86	96	89	115	108	89	100	110	96	98	110	97	114	118	99	99	119	99	115	104	86	89	83	110	89	101	99
Gene_475	97	111	110	92	94	85	92	105	104	98	99	90	108	104	87	113	101	100	111	110	96	72	98	97	94	88	87	104	92	117	103	134	113	92	93	81	99	99	105	109	95	103	82	104	95	86	92	108	88	111
Gene_476	98	110	106	104	88	105	95	119	91	91	100	83	94	102	85	97	82	103	102	108	108	126	104	98	91	89	111	99	98	102	94	108	118	93	109	104	97	103	108	90	113	112	113	106	84	90	109	93	89	101
Gene_477	90	102	89	107	115	99	114	100	113	113	98	105	101	86	87	106	108	106	106	87	97	100	127	112	82	108	91	116	93	89	87	105	108	98	80	95	111	101	108	116	88	99	93	82	85	99	102	98	94	112
Gene_478	108	106	99	105	101	90	116	97	96	84	112	101	105	112	106	103	103	104	104	98	98	95	80	105	95	110	105	93	113	99	96	109	109	99	115	97	111	108	110	94	105	107	78	107	86	109	104	88	101	116
Gene_479	103	109	91	100	115	103	96	95	92	88	107	110	94	102	104	97	121	86	110	91	107	106	118	92	115	95	101	109	95	96	104	92	83	93	101	112	106	94	101	109	96	97	88	98	93	107	107	105	103	109
Gene_480	99	92	108	102	90	110	105	86	100	105	124	99	104	87	100	100	97	96	108	109	91	97	106	108	105	108	94	102	91	102	126	92	84	110	94	88	100	124	132	112	94	94	91	99	87	92	105	109	129	108
Gene_481	115	95	100	100	94	92	102	97	93	111	79	86	113	89	110	96	93	93	98	92	103	89	102	103	113	104	100	113	98	95	116	117	89	115	91	116	102	104	87	92	103	89	93	96	97	110	91	102	90	84
Gene_482	103	106	110	91	106	89	109	105	97	102	115	93	101	92	87	103	88	97	104	92	116	107	100	100	81	99	93	102	111	102	100	103	103	96	91	91	106	98	125	114	113	88	91	103	100	102	90	104	79	89
Gene_483	94	107	96	88	121	112	92	117	87	112	101	109	123	77	91	99	100	106	85	85	112	127	109	96	106	99	82	107	110	105	102	94	95	77	100	101	113	101	98	100	106	102	96	106	109	102	90	105	88	88
Gene_484	76	98	102	92	106	99	95	88	108	96	93	120	99	100	104	92	93	96	99	105	95	110	108	90	89	101	107	122	119	94	105	99	106	73	103	95	93	107	100	92	102	117	90	100	112	92	89	98	121	95
Gene_485	111	105	99	105	103	105	120	125	94	113	102	104	95	97	123	82	95	92	103	92	100	102	101	106	110	89	89	110	100	98	83	99	111	98	116	107	95	100	124	104	94	88	75	89	98	86	108	126	100	90
Gene_486	87	99	100	98	119	113	89	96	104	100	108	109	85	89	95	105	120	102	96	116	84	111	102	101	97	97	96	107	130	106	101	101	95	102	107	96	109	90	111	104	114	99	101	103	105	102	124	78	116	82
Gene_487	92	106	100	82	93	112	100	91	108	109	88	104	87	102	88	82	91	99	104	112	97	103	93	85	114	89	94	97	114	106	86	126	90	95	96	112	103	91	86	117	105	91	96	124	94	80	96	101	92	101
Gene_488	114	115	87	108	84	104	97	97	94	100	106	101	89	111	81	91	96	89	123	105	107	105	93	96	90	109	96	90	116	101	117	91	101	101	91	122	83	109	90	97	113	103	99	108	102	89	98	102	99	81
Gene_489	123	93	74	90	119	106	120	107	99	101	89	110	79	89	105	104	108	92	84	104	104	99	93	116	89	94	98	87	109	99	109	111	98	104	92	105	92	119	96	104	111	101	113	108	105	115	81	99	112	104
Gene_490	101	84	81	102	90	110	98	88	104	93	104	108	103	98	105	116	89	108	105	97	84	107	115	96	96	92	106	88	97	100	105	101	92	99	110	96	89	100	102	97	99	99	117	87	116	93	85	117	94	102
Gene_491	89	103	105	93	88	99	111	78	109	100	98	95	89	99	92	89	110	111	97	104	103	99	116	95	101	97	113	100	79	96	94	112	106	103	96	112	92	90	99	108	91	101	96	99	114	88	100	113	88	99
Gene_492	76	100	77	89	83	116	95	98	86	113	114	95	113	104	114	86	89	90	118	96	112	108	106	98	86	109	100	110	92	99	103	105	116	111	103	95	98	112	108	119	93	95	82	100	80	110	105	114	88	83
Gene_493	100	96	132	100	105	92	96	91	107	98	99	105	97	95	89	97	101	117	96	113	100	98	106	88	91	115	94	105	130	97	84	103	101	115	94	96	102	96	117	95	99	117	89	84	98	103	84	104	102	109
Gene_494	112	106	97	90	85	99	99	110	104	100	93	91	97	88	103	102	112	104	123	104	103	89	87	109	96	119	87	84	99	110	98	87	105	93	107	112	116	96	81	83	103	107	95	110	91	104	89	118	95	104
Gene_495	100	76	102	104	107	110	110	94	102	92	100	101	92	76	112	92	88	99	124	86	102	106	93	95	98	94	94	104	111	120	109	119	90	93	103	102	111	80	97	95	101	107	98	107	119	87	104	99	105	103
Gene_496	101	112	98	100	111	98	108	117	114	88	105	103	110	107	119	88	107	121	95	76	92	89	98	91	100	91	120	108	97	93	108	97	113	96	108	116	109	99	128	93	89	93	112	75	93	110	114	97	103	93
Gene_497	117	104	91	100	103	93	104	99	92	109	105	100	101	111	97	75	93	86	96	112	84	99	106	108	91	103	117	109	83	90	121	102	104	104	101	106	84	93	89	93	101	115	100	102	96	76	110	88	92	97
Gene_498	96	80	111	98	91	110	124	115	104	90	114	91	93	92	102	98	108	84	101	96	101	93	99	98	131	105	102	123	91	87	95	105	116	96	94	104	106	108	117	99	107	89	99	123	97	122	108	95	108	99
Gene_499	105	102	87	104	108	107	103	100	85	95	109	114	99	100	108	98	89	89	89	106	95	127	108	115	105	96	116	110	110	100	80	106	99	100	103	109	94	100	98	88	98	101	109	106	100	107	101	90	107	93
Gene_500	91	99	117	90	97	119	97	112	91	110	118	97	95	81	103	102	120	92	117	98	105	110	110	105	109	95	99	89	105	104	106	114	89	101	98	96	98	116	106	99	87	93	105	106	105	106	95	101	106	111
